"Predation (Mpred), Starvation (Mstarv), Additional mortality (Madd), Fishing (F) & Out-of-domain (Z) mortality rates per time step of saving and per size class. Z is the total mortality for migratory fish outside the simulation grid. To get annual mortality rates, sum the mortality rates within one year."
"Time","Age","Mpred","Mstar","Mnat","F","Z","Mfor","Dis","Age"
0.083333336,0.0,0.1911495,0.029862886,4.119851E-4,0.0013088343,0.0,0.0,0.0011115419,0.0
0.083333336,1.0,0.08274921,0.018445436,1.0807767E-4,0.0037624193,0.0,0.0,0.0032947306,0.0
0.083333336,2.0,0.035525385,0.016709723,1.082416E-4,0.0059927553,0.0,0.0,0.0053027635,0.0
0.083333336,3.0,0.019598413,0.011352018,1.0828485E-4,0.0073804823,0.0,0.0,0.0065338137,0.0
0.083333336,4.0,0.010939897,0.011223517,1.0828678E-4,0.008082047,0.0,0.0,0.007142605,0.0
0.083333336,5.0,0.001184372,0.0113975955,1.0828611E-4,0.008426947,0.0,0.0,0.0074362718,0.0
0.083333336,6.0,0.0011421508,0.006922539,1.0828623E-4,0.008603698,0.0,0.0,0.0075844983,0.0
0.083333336,7.0,9.977329E-4,0.0049904403,1.0828681E-4,0.008700424,0.0,0.0,0.0076647853,0.0
0.083333336,8.0,0.0010229455,0.002458761,1.0828839E-4,0.008756073,0.0,0.0,0.007710486,0.0
0.083333336,9.0,9.982187E-4,0.0041523785,1.0828808E-4,0.008790159,0.0,0.0,0.007738345,0.0
0.083333336,10.0,7.4881286E-4,0.005328086,1.0828455E-4,0.008811985,0.0,0.0,0.007756026,0.0
0.083333336,11.0,6.7856826E-4,0.005150347,1.08283144E-4,0.008827006,0.0,0.0,0.007768196,0.0
0.083333336,12.0,6.875518E-4,0.002616955,1.08284614E-4,0.00883732,0.0,0.0,0.0077765114,0.0
0.083333336,13.0,6.4316666E-4,0.0052599465,1.0828527E-4,0.008844707,0.0,0.0,0.0077824676,0.0
0.083333336,14.0,5.162464E-4,0.0032940959,1.08284985E-4,0.008850051,0.0,0.0,0.0077867075,0.0
0.083333336,15.0,0.0,0.0,0.0,0.0,0.0,0.0,0.0,0.0
0.083333336,16.0,0.0,0.0,0.0,0.0,0.0,0.0,0.0,0.0
0.083333336,17.0,0.0,0.0,0.0,0.0,0.0,0.0,0.0,0.0
0.083333336,18.0,0.0,0.0,0.0,0.0,0.0,0.0,0.0,0.0
0.083333336,19.0,0.0,0.0,0.0,0.0,0.0,0.0,0.0,0.0
0.083333336,20.0,0.0,0.0,0.0,0.0,0.0,0.0,0.0,0.0
0.083333336,21.0,0.0,0.0,0.0,0.0,0.0,0.0,0.0,0.0
0.083333336,22.0,0.0,0.0,0.0,0.0,0.0,0.0,0.0,0.0
0.083333336,23.0,0.0,0.0,0.0,0.0,0.0,0.0,0.0,0.0
0.083333336,24.0,0.0,0.0,0.0,0.0,0.0,0.0,0.0,0.0
0.083333336,25.0,0.0,0.0,0.0,0.0,0.0,0.0,0.0,0.0
0.16666667,0.0,0.18486322,0.054104757,1.06030035E-4,0.0015685197,0.0,0.0,0.0013409351,0.0
0.16666667,1.0,0.12474409,0.042894617,1.1720777E-4,0.0041595604,0.0,0.0,0.0036452704,0.0
0.16666667,2.0,0.07445859,0.030095426,1.1264476E-4,0.0063146227,0.0,0.0,0.0055878926,0.0
0.16666667,3.0,0.011231698,0.023779338,1.12689E-4,0.007722206,0.0,0.0,0.0068354937,0.0
0.16666667,4.0,0.007388497,0.016456584,1.1014772E-4,0.00825112,0.0,0.0,0.007291088,0.0
0.16666667,5.0,0.01556762,0.016984332,1.1015866E-4,0.008587825,0.0,0.0,0.007577536,0.0
0.16666667,6.0,0.0010343415,0.009875258,1.1009962E-4,0.008758138,0.0,0.0,0.0077201454,0.0
0.16666667,7.0,0.0010157981,0.013111643,1.09610686E-4,0.00881307,0.0,0.0,0.0077636624,0.0
0.16666667,8.0,8.7925454E-4,0.009405108,1.0907042E-4,0.008822951,0.0,0.0,0.007769123,0.0
0.16666667,9.0,9.383304E-4,0.012865181,1.09125096E-4,0.008860064,0.0,0.0,0.0077997176,0.0
0.16666667,10.0,8.5358886E-4,0.007605268,1.0898622E-4,0.00887099,0.0,0.0,0.007807885,0.0
0.16666667,11.0,6.371105E-4,0.0098936455,1.0901718E-4,0.008887646,0.0,0.0,0.007821489,0.0
0.16666667,12.0,7.968259E-4,0.009212868,1.0905992E-4,0.00890128,0.0,0.0,0.00783275,0.0
0.16666667,13.0,6.752348E-4,0.0043268707,1.0906513E-4,0.008909063,0.0,0.0,0.007838987,0.0
0.16666667,14.0,4.8998377E-4,0.007285062,1.0913352E-4,0.008919851,0.0,0.0,0.007848096,0.0
0.16666667,15.0,0.0,0.0,0.0,0.0,0.0,0.0,0.0,0.0
0.16666667,16.0,0.0,0.0,0.0,0.0,0.0,0.0,0.0,0.0
0.16666667,17.0,0.0,0.0,0.0,0.0,0.0,0.0,0.0,0.0
0.16666667,18.0,0.0,0.0,0.0,0.0,0.0,0.0,0.0,0.0
0.16666667,19.0,0.0,0.0,0.0,0.0,0.0,0.0,0.0,0.0
0.16666667,20.0,0.0,0.0,0.0,0.0,0.0,0.0,0.0,0.0
0.16666667,21.0,0.0,0.0,0.0,0.0,0.0,0.0,0.0,0.0
0.16666667,22.0,0.0,0.0,0.0,0.0,0.0,0.0,0.0,0.0
0.16666667,23.0,0.0,0.0,0.0,0.0,0.0,0.0,0.0,0.0
0.16666667,24.0,0.0,0.0,0.0,0.0,0.0,0.0,0.0,0.0
0.16666667,25.0,0.0,0.0,0.0,0.0,0.0,0.0,0.0,0.0
0.25,0.0,0.06039105,0.017574362,7.335217,8.731405E-4,0.0,0.0,7.496794E-4,0.0
0.25,1.0,0.11176688,0.040605254,1.2621752E-4,0.004268988,0.0,0.0,0.0037370094,0.0
0.25,2.0,0.07107959,0.026097104,1.16843075E-4,0.0063090483,0.0,0.0,0.0055792565,0.0
0.25,3.0,0.051676963,0.019959679,1.16605246E-4,0.007860821,0.0,0.0,0.0069583086,0.0
0.25,4.0,0.02411451,0.026620625,1.12131616E-4,0.008345857,0.0,0.0,0.0073758345,0.0
0.25,5.0,0.0018211633,0.013686309,1.1196145E-4,0.00870935,0.0,0.0,0.007685425,0.0
0.25,6.0,0.0012054534,0.013621244,1.117441E-4,0.008879058,0.0,0.0,0.007827138,0.0
0.25,7.0,0.0010745348,0.014127843,1.11203895E-4,0.008935844,0.0,0.0,0.007872058,0.0
0.25,8.0,0.0010278971,0.009004496,1.09679975E-4,0.00887024,0.0,0.0,0.007810923,0.0
0.25,9.0,9.5610647E-4,0.009266259,1.09779714E-4,0.008911755,0.0,0.0,0.0078453105,0.0
0.25,10.0,9.4139803E-4,0.005022993,1.10089044E-4,0.008959865,0.0,0.0,0.007886108,0.0
0.25,11.0,7.3253876E-4,0.019174444,1.09809385E-4,0.008950967,0.0,0.0,0.007877286,0.0
0.25,12.0,8.511931E-4,0.012994296,1.0969712E-4,0.008952975,0.0,0.0,0.007878238,0.0
0.25,13.0,7.241133E-4,0.0059498386,1.0975732E-4,0.008964727,0.0,0.0,0.007887988,0.0
0.25,14.0,6.8664097E-4,0.006288181,1.0995376E-4,0.008986609,0.0,0.0,0.007906853,0.0
0.25,15.0,0.0,0.0,0.0,0.0,0.0,0.0,0.0,0.0
0.25,16.0,0.0,0.0,0.0,0.0,0.0,0.0,0.0,0.0
0.25,17.0,0.0,0.0,0.0,0.0,0.0,0.0,0.0,0.0
0.25,18.0,0.0,0.0,0.0,0.0,0.0,0.0,0.0,0.0
0.25,19.0,0.0,0.0,0.0,0.0,0.0,0.0,0.0,0.0
0.25,20.0,0.0,0.0,0.0,0.0,0.0,0.0,0.0,0.0
0.25,21.0,0.0,0.0,0.0,0.0,0.0,0.0,0.0,0.0
0.25,22.0,0.0,0.0,0.0,0.0,0.0,0.0,0.0,0.0
0.25,23.0,0.0,0.0,0.0,0.0,0.0,0.0,0.0,0.0
0.25,24.0,0.0,0.0,0.0,0.0,0.0,0.0,0.0,0.0
0.25,25.0,0.0,0.0,0.0,0.0,0.0,0.0,0.0,0.0
0.33333334,0.0,0.007885809,4.6064455E-5,14.694854,5.2838113E-6,0.0,0.0,4.562499E-6,0.0
0.33333334,1.0,0.15839864,0.024912031,1.2701843E-4,0.004380864,0.0,0.0,0.0038373547,0.0
0.33333334,2.0,0.13440368,0.019593827,1.1575308E-4,0.0060955603,0.0,0.0,0.0053881695,0.0
0.33333334,3.0,0.060596008,0.007886206,1.157049E-4,0.0077310214,0.0,0.0,0.0068436996,0.0
0.33333334,4.0,0.02313823,0.013235401,1.1209113E-4,0.008311429,0.0,0.0,0.00734614,0.0
0.33333334,5.0,0.001961011,0.0138507765,1.1206268E-4,0.008702397,0.0,0.0,0.0076798145,0.0
0.33333334,6.0,0.0015928898,0.013435302,1.1153698E-4,0.008855389,0.0,0.0,0.007806642,0.0
0.33333334,7.0,0.0012897786,0.011023491,1.1095595E-4,0.008912956,0.0,0.0,0.007852088,0.0
0.33333334,8.0,0.0012597844,0.006799309,1.0967333E-4,0.008868378,0.0,0.0,0.0078093815,0.0
0.33333334,9.0,0.0010967983,0.0067958143,1.10022236E-4,0.008930735,0.0,0.0,0.007862079,0.0
0.33333334,10.0,9.818448E-4,0.0048478134,1.09651424E-4,0.008923852,0.0,0.0,0.007854449,0.0
0.33333334,11.0,9.4619114E-4,0.0097215455,1.1018704E-4,0.008981737,0.0,0.0,0.0079043545,0.0
0.33333334,12.0,9.5992757E-4,0.007257315,1.0957891E-4,0.008942969,0.0,0.0,0.007869445,0.0
0.33333334,13.0,8.716005E-4,0.0035013135,1.0963987E-4,0.0089554135,0.0,0.0,0.007879839,0.0
0.33333334,14.0,9.124095E-4,0.0071700127,1.0981047E-4,0.0089751715,0.0,0.0,0.007896839,0.0
0.33333334,15.0,0.0,0.0,0.0,0.0,0.0,0.0,0.0,0.0
0.33333334,16.0,0.0,0.0,0.0,0.0,0.0,0.0,0.0,0.0
0.33333334,17.0,0.0,0.0,0.0,0.0,0.0,0.0,0.0,0.0
0.33333334,18.0,0.0,0.0,0.0,0.0,0.0,0.0,0.0,0.0
0.33333334,19.0,0.0,0.0,0.0,0.0,0.0,0.0,0.0,0.0
0.33333334,20.0,0.0,0.0,0.0,0.0,0.0,0.0,0.0,0.0
0.33333334,21.0,0.0,0.0,0.0,0.0,0.0,0.0,0.0,0.0
0.33333334,22.0,0.0,0.0,0.0,0.0,0.0,0.0,0.0,0.0
0.33333334,23.0,0.0,0.0,0.0,0.0,0.0,0.0,0.0,0.0
0.33333334,24.0,0.0,0.0,0.0,0.0,0.0,0.0,0.0,0.0
0.33333334,25.0,0.0,0.0,0.0,0.0,0.0,0.0,0.0,0.0
0.41666666,0.0,0.007984209,3.5491525E-5,15.198063,4.2712477E-6,0.0,0.0,3.7072027E-6,0.0
0.41666666,1.0,0.16456276,0.018580632,1.2419291E-4,0.0045659263,0.0,0.0,0.004006229,0.0
0.41666666,2.0,0.12872243,0.010733914,1.1551083E-4,0.006032105,0.0,0.0,0.005331277,0.0
0.41666666,3.0,0.089771435,0.015644414,1.13347385E-4,0.0075234496,0.0,0.0,0.0066602556,0.0
0.41666666,4.0,0.03728642,0.010741909,1.12600705E-4,0.008336883,0.0,0.0,0.0073689194,0.0
0.41666666,5.0,0.0017181115,0.01022015,1.10928544E-4,0.00860825,0.0,0.0,0.007596987,0.0
0.41666666,6.0,0.0014106841,0.0062656594,1.11350244E-4,0.008836218,0.0,0.0,0.0077899587,0.0
0.41666666,7.0,0.0012645868,0.005730172,1.1096856E-4,0.00891136,0.0,0.0,0.007850789,0.0
0.41666666,8.0,0.0012409149,0.004827244,1.09760986E-4,0.008874105,0.0,0.0,0.007814499,0.0
0.41666666,9.0,9.108895E-4,0.004220863,1.09900364E-4,0.008920856,0.0,0.0,0.007853398,0.0
0.41666666,10.0,9.92672E-4,0.0044419155,1.096928E-4,0.008926598,0.0,0.0,0.007856942,0.0
0.41666666,11.0,8.697794E-4,0.0023649128,1.0997346E-4,0.008963927,0.0,0.0,0.007888726,0.0
0.41666666,12.0,8.058546E-4,0.0012221327,1.09644E-4,0.008947973,0.0,0.0,0.007873923,0.0
0.41666666,13.0,8.021292E-4,0.0011548876,1.09561464E-4,0.008949282,0.0,0.0,0.007874479,0.0
0.41666666,14.0,6.773292E-4,0.0025966505,1.0989828E-4,0.008981824,0.0,0.0,0.007902664,0.0
0.41666666,15.0,0.0,0.0,0.0,0.0,0.0,0.0,0.0,0.0
0.41666666,16.0,0.0,0.0,0.0,0.0,0.0,0.0,0.0,0.0
0.41666666,17.0,0.0,0.0,0.0,0.0,0.0,0.0,0.0,0.0
0.41666666,18.0,0.0,0.0,0.0,0.0,0.0,0.0,0.0,0.0
0.41666666,19.0,0.0,0.0,0.0,0.0,0.0,0.0,0.0,0.0
0.41666666,20.0,0.0,0.0,0.0,0.0,0.0,0.0,0.0,0.0
0.41666666,21.0,0.0,0.0,0.0,0.0,0.0,0.0,0.0,0.0
0.41666666,22.0,0.0,0.0,0.0,0.0,0.0,0.0,0.0,0.0
0.41666666,23.0,0.0,0.0,0.0,0.0,0.0,0.0,0.0,0.0
0.41666666,24.0,0.0,0.0,0.0,0.0,0.0,0.0,0.0,0.0
0.41666666,25.0,0.0,0.0,0.0,0.0,0.0,0.0,0.0,0.0
0.5,0.0,0.008326284,1.06763555E-5,15.546632,2.9904165E-6,0.0,0.0,2.6055754E-6,0.0
0.5,1.0,0.18086512,0.017632315,1.2064216E-4,0.004659496,0.0,0.0,0.004092998,0.0
0.5,2.0,0.10565597,0.008779319,1.18305405E-4,0.0061359336,0.0,0.0,0.005422715,0.0
0.5,3.0,0.08760137,0.007921447,1.1315455E-4,0.007499916,0.0,0.0,0.0066398,0.0
0.5,4.0,0.03537561,0.0056598806,1.1187408E-4,0.008282885,0.0,0.0,0.0073214197,0.0
0.5,5.0,0.0016926732,0.0044710655,1.10919915E-4,0.008605785,0.0,0.0,0.0075948783,0.0
0.5,6.0,0.0014640763,0.0036199088,1.1174218E-4,0.0088661825,0.0,0.0,0.0078164395,0.0
0.5,7.0,0.0011277156,0.0060578617,1.1092232E-4,0.0089071095,0.0,0.0,0.007847119,0.0
0.5,8.0,0.0011036481,0.0068171313,1.097769E-4,0.008874386,0.0,0.0,0.007814805,0.0
0.5,9.0,0.0010695796,0.004147636,1.09817636E-4,0.008913897,0.0,0.0,0.00784731,0.0
0.5,10.0,8.809808E-4,0.007169046,1.097186E-4,0.008928281,0.0,0.0,0.007858436,0.0
0.5,11.0,7.828408E-4,0.005712429,1.09882436E-4,0.008956815,0.0,0.0,0.007882444,0.0
0.5,12.0,7.824628E-4,0.0055202562,1.0983864E-4,0.0089634145,0.0,0.0,0.007887479,0.0
0.5,13.0,5.8450334E-4,0.002203707,1.0957353E-4,0.00895009,0.0,0.0,0.007875138,0.0
0.5,14.0,5.7980407E-4,0.002831271,1.0976185E-4,0.008970609,0.0,0.0,0.0078927865,0.0
0.5,15.0,0.0,0.0,0.0,0.0,0.0,0.0,0.0,0.0
0.5,16.0,0.0,0.0,0.0,0.0,0.0,0.0,0.0,0.0
0.5,17.0,0.0,0.0,0.0,0.0,0.0,0.0,0.0,0.0
0.5,18.0,0.0,0.0,0.0,0.0,0.0,0.0,0.0,0.0
0.5,19.0,0.0,0.0,0.0,0.0,0.0,0.0,0.0,0.0
0.5,20.0,0.0,0.0,0.0,0.0,0.0,0.0,0.0,0.0
0.5,21.0,0.0,0.0,0.0,0.0,0.0,0.0,0.0,0.0
0.5,22.0,0.0,0.0,0.0,0.0,0.0,0.0,0.0,0.0
0.5,23.0,0.0,0.0,0.0,0.0,0.0,0.0,0.0,0.0
0.5,24.0,0.0,0.0,0.0,0.0,0.0,0.0,0.0,0.0
0.5,25.0,0.0,0.0,0.0,0.0,0.0,0.0,0.0,0.0
0.5833333,0.0,0.0064388216,6.153888E-6,15.255016,1.4079347E-6,0.0,0.0,1.2200245E-6,0.0
0.5833333,1.0,0.19897987,0.016005991,1.2219632E-4,0.0050774515,0.0,0.0,0.004467109,0.0
0.5833333,2.0,0.115047455,0.008352772,1.1540255E-4,0.0059498074,0.0,0.0,0.005258121,0.0
0.5833333,3.0,0.12879519,0.010197486,1.14456016E-4,0.0076302113,0.0,0.0,0.0067552244,0.0
0.5833333,4.0,5.504818E-4,0.0015587871,8.939092E-6,6.5167557E-4,0.08169658,0.0,5.7627115E-4,0.0
0.5833333,5.0,0.0,0.0,0.0,0.0,0.08967566,0.0,0.0,0.0
0.5833333,6.0,0.0,0.0,0.0,0.0,0.08988481,0.0,0.0,0.0
0.5833333,7.0,0.0,0.0,0.0,0.0,0.08979161,0.0,0.0,0.0
0.5833333,8.0,0.0,0.0,0.0,0.0,0.088679574,0.0,0.0,0.0
0.5833333,9.0,0.0,0.0,0.0,0.0,0.08871487,0.0,0.0,0.0
0.5833333,10.0,0.0,0.0,0.0,0.0,0.088663965,0.0,0.0,0.0
0.5833333,11.0,0.0,0.0,0.0,0.0,0.08855903,0.0,0.0,0.0
0.5833333,12.0,0.0,0.0,0.0,0.0,0.08862294,0.0,0.0,0.0
0.5833333,13.0,0.0,0.0,0.0,0.0,0.08887909,0.0,0.0,0.0
0.5833333,14.0,0.0,0.0,0.0,0.0,0.088714465,0.0,0.0,0.0
0.5833333,15.0,0.0,0.0,0.0,0.0,0.0,0.0,0.0,0.0
0.5833333,16.0,0.0,0.0,0.0,0.0,0.0,0.0,0.0,0.0
0.5833333,17.0,0.0,0.0,0.0,0.0,0.0,0.0,0.0,0.0
0.5833333,18.0,0.0,0.0,0.0,0.0,0.0,0.0,0.0,0.0
0.5833333,19.0,0.0,0.0,0.0,0.0,0.0,0.0,0.0,0.0
0.5833333,20.0,0.0,0.0,0.0,0.0,0.0,0.0,0.0,0.0
0.5833333,21.0,0.0,0.0,0.0,0.0,0.0,0.0,0.0,0.0
0.5833333,22.0,0.0,0.0,0.0,0.0,0.0,0.0,0.0,0.0
0.5833333,23.0,0.0,0.0,0.0,0.0,0.0,0.0,0.0,0.0
0.5833333,24.0,0.0,0.0,0.0,0.0,0.0,0.0,0.0,0.0
0.5833333,25.0,0.0,0.0,0.0,0.0,0.0,0.0,0.0,0.0
0.6666667,0.0,0.00734446,0.0,15.084962,3.0779685E-7,0.0,0.0,2.4554177E-7,0.0
0.6666667,1.0,0.13642803,0.01804034,1.1487066E-4,0.005245634,0.0,0.0,0.004623208,0.0
0.6666667,2.0,0.14089444,0.0077677555,1.0933726E-4,0.005756202,0.0,0.0,0.0050889514,0.0
0.6666667,3.0,0.13259801,0.0049416227,1.1039683E-4,0.007414418,0.0,0.0,0.006564233,0.0
0.6666667,4.0,0.0032549934,0.0,6.0131856E-6,4.428539E-4,0.084617086,0.0,3.9152603E-4,0.0
0.6666667,5.0,0.0,0.0,0.0,0.0,0.088483445,0.0,0.0,0.0
0.6666667,6.0,0.0,0.0,0.0,0.0,0.088815115,0.0,0.0,0.0
0.6666667,7.0,0.0,0.0,0.0,0.0,0.088630825,0.0,0.0,0.0
0.6666667,8.0,0.0,0.0,0.0,0.0,0.088326775,0.0,0.0,0.0
0.6666667,9.0,0.0,0.0,0.0,0.0,0.08790599,0.0,0.0,0.0
0.6666667,10.0,0.0,0.0,0.0,0.0,0.0881612,0.0,0.0,0.0
0.6666667,11.0,0.0,0.0,0.0,0.0,0.08814128,0.0,0.0,0.0
0.6666667,12.0,0.0,0.0,0.0,0.0,0.08810745,0.0,0.0,0.0
0.6666667,13.0,0.0,0.0,0.0,0.0,0.08797958,0.0,0.0,0.0
0.6666667,14.0,0.0,0.0,0.0,0.0,0.08804231,0.0,0.0,0.0
0.6666667,15.0,0.0,0.0,0.0,0.0,0.0,0.0,0.0,0.0
0.6666667,16.0,0.0,0.0,0.0,0.0,0.0,0.0,0.0,0.0
0.6666667,17.0,0.0,0.0,0.0,0.0,0.0,0.0,0.0,0.0
0.6666667,18.0,0.0,0.0,0.0,0.0,0.0,0.0,0.0,0.0
0.6666667,19.0,0.0,0.0,0.0,0.0,0.0,0.0,0.0,0.0
0.6666667,20.0,0.0,0.0,0.0,0.0,0.0,0.0,0.0,0.0
0.6666667,21.0,0.0,0.0,0.0,0.0,0.0,0.0,0.0,0.0
0.6666667,22.0,0.0,0.0,0.0,0.0,0.0,0.0,0.0,0.0
0.6666667,23.0,0.0,0.0,0.0,0.0,0.0,0.0,0.0,0.0
0.6666667,24.0,0.0,0.0,0.0,0.0,0.0,0.0,0.0,0.0
0.6666667,25.0,0.0,0.0,0.0,0.0,0.0,0.0,0.0,0.0
0.75,0.0,0.89708835,0.0,7.4244704,5.519378E-5,0.0,0.0,4.445506E-5,0.0
0.75,1.0,0.18373151,0.020112019,1.077854E-4,0.0052254065,0.0,0.0,0.004609809,0.0
0.75,2.0,0.11887962,0.015766129,1.0802241E-4,0.0059724506,0.0,0.0,0.005283427,0.0
0.75,3.0,0.22625798,0.010539108,1.07241125E-4,0.007341871,0.0,0.0,0.0064987796,0.0
0.75,4.0,1.6022546E-10,0.0,5.3190325E-12,4.0081571E-10,0.08749999,0.0,3.5414316E-10,0.0
0.75,5.0,0.0,0.0,0.0,0.0,0.0875,0.0,0.0,0.0
0.75,6.0,0.0,0.0,0.0,0.0,0.087500006,0.0,0.0,0.0
0.75,7.0,0.0,0.0,0.0,0.0,0.087500006,0.0,0.0,0.0
0.75,8.0,0.0,0.0,0.0,0.0,0.0875,0.0,0.0,0.0
0.75,9.0,0.0,0.0,0.0,0.0,0.087500006,0.0,0.0,0.0
0.75,10.0,0.0,0.0,0.0,0.0,0.0875,0.0,0.0,0.0
0.75,11.0,0.0,0.0,0.0,0.0,0.087500006,0.0,0.0,0.0
0.75,12.0,0.0,0.0,0.0,0.0,0.08750001,0.0,0.0,0.0
0.75,13.0,0.0,0.0,0.0,0.0,0.087500006,0.0,0.0,0.0
0.75,14.0,0.0,0.0,0.0,0.0,0.0875,0.0,0.0,0.0
0.75,15.0,0.0,0.0,0.0,0.0,0.0,0.0,0.0,0.0
0.75,16.0,0.0,0.0,0.0,0.0,0.0,0.0,0.0,0.0
0.75,17.0,0.0,0.0,0.0,0.0,0.0,0.0,0.0,0.0
0.75,18.0,0.0,0.0,0.0,0.0,0.0,0.0,0.0,0.0
0.75,19.0,0.0,0.0,0.0,0.0,0.0,0.0,0.0,0.0
0.75,20.0,0.0,0.0,0.0,0.0,0.0,0.0,0.0,0.0
0.75,21.0,0.0,0.0,0.0,0.0,0.0,0.0,0.0,0.0
0.75,22.0,0.0,0.0,0.0,0.0,0.0,0.0,0.0,0.0
0.75,23.0,0.0,0.0,0.0,0.0,0.0,0.0,0.0,0.0
0.75,24.0,0.0,0.0,0.0,0.0,0.0,0.0,0.0,0.0
0.75,25.0,0.0,0.0,0.0,0.0,0.0,0.0,0.0,0.0
0.8333333,0.0,1.4953299,0.00415028,1.0117371E-4,2.4374435E-4,0.0,0.0,1.9957792E-4,0.0
0.8333333,1.0,0.11641673,0.036940936,1.08189706E-4,0.005488772,0.0,0.0,0.00484515,0.0
0.8333333,2.0,0.13860624,0.035381287,1.0788774E-4,0.0061732223,0.0,0.0,0.005462926,0.0
0.8333333,3.0,0.073762104,0.020752378,1.08220156E-4,0.0075384118,0.0,0.0,0.00667147,0.0
0.8333333,4.0,0.10081708,0.13867791,1.08013825E-4,0.008103288,0.0,0.0,0.007160275,0.0
0.8333333,5.0,0.08808681,0.13196799,1.0788275E-4,0.0084132,0.0,0.0,0.007423529,0.0
0.8333333,6.0,0.018669734,0.13689066,1.08250875E-4,0.008610078,0.0,0.0,0.0075896587,0.0
0.8333333,7.0,0.011115964,0.13510737,1.0829177E-4,0.008707834,0.0,0.0,0.0076709315,0.0
0.8333333,8.0,0.0027712367,0.13798867,1.0829214E-4,0.00876123,0.0,0.0,0.007714725,0.0
0.8333333,9.0,8.579924E-4,0.13185157,1.0827901E-4,0.008793047,0.0,0.0,0.007740649,0.0
0.8333333,10.0,6.590305E-4,0.12947117,1.0829616E-4,0.00881572,0.0,0.0,0.0077591278,0.0
0.8333333,11.0,6.889206E-4,0.13499518,1.0829681E-4,0.008827461,0.0,0.0,0.0077684964,0.0
0.8333333,12.0,6.7652686E-4,0.12946221,1.0830476E-4,0.008838883,0.0,0.0,0.007777788,0.0
0.8333333,13.0,5.371208E-4,0.13095349,1.0827953E-4,0.008846686,0.0,0.0,0.0077840663,0.0
0.8333333,14.0,6.292145E-4,0.12642692,1.0829605E-4,0.008851667,0.0,0.0,0.007788089,0.0
0.8333333,15.0,0.0,0.0,0.0,0.0,0.0,0.0,0.0,0.0
0.8333333,16.0,0.0,0.0,0.0,0.0,0.0,0.0,0.0,0.0
0.8333333,17.0,0.0,0.0,0.0,0.0,0.0,0.0,0.0,0.0
0.8333333,18.0,0.0,0.0,0.0,0.0,0.0,0.0,0.0,0.0
0.8333333,19.0,0.0,0.0,0.0,0.0,0.0,0.0,0.0,0.0
0.8333333,20.0,0.0,0.0,0.0,0.0,0.0,0.0,0.0,0.0
0.8333333,21.0,0.0,0.0,0.0,0.0,0.0,0.0,0.0,0.0
0.8333333,22.0,0.0,0.0,0.0,0.0,0.0,0.0,0.0,0.0
0.8333333,23.0,0.0,0.0,0.0,0.0,0.0,0.0,0.0,0.0
0.8333333,24.0,0.0,0.0,0.0,0.0,0.0,0.0,0.0,0.0
0.8333333,25.0,0.0,0.0,0.0,0.0,0.0,0.0,0.0,0.0
0.9166667,0.0,0.87582535,0.016058046,1.08431195E-4,5.913506E-4,0.0,0.0,4.928837E-4,0.0
0.9166667,1.0,0.17070353,0.044549283,1.07704815E-4,0.0056997826,0.0,0.0,0.0050340635,0.0
0.9166667,2.0,0.15831403,0.04318135,1.07974636E-4,0.00636549,0.0,0.0,0.005634145,0.0
0.9166667,3.0,0.099089704,0.025674684,1.0814053E-4,0.007636163,0.0,0.0,0.00675647,0.0
0.9166667,4.0,0.123280525,0.032084055,1.079087E-4,0.008151693,0.0,0.0,0.007201428,0.0
0.9166667,5.0,0.1259175,0.018769493,1.07620595E-4,0.008420236,0.0,0.0,0.0074284924,0.0
0.9166667,6.0,0.0668872,0.019251026,1.0799147E-4,0.0086069675,0.0,0.0,0.0075861556,0.0
0.9166667,7.0,0.021764815,0.021507671,1.0827451E-4,0.008715103,0.0,0.0,0.007676817,0.0
0.9166667,8.0,0.0644743,0.018795474,1.0783187E-4,0.0087320395,0.0,0.0,0.0076886453,0.0
0.9166667,9.0,0.045295708,0.018810742,1.07794316E-4,0.008759851,0.0,0.0,0.007711165,0.0
0.9166667,10.0,7.412755E-4,0.015652025,1.082857E-4,0.008817324,0.0,0.0,0.00776038,0.0
0.9166667,11.0,7.3883036E-4,0.015166952,1.0828836E-4,0.008829777,0.0,0.0,0.00777043,0.0
0.9166667,12.0,7.401424E-4,0.006570622,1.0828098E-4,0.008839401,0.0,0.0,0.007778155,0.0
0.9166667,13.0,6.997501E-4,0.011984759,1.0828269E-4,0.00884651,0.0,0.0,0.007783902,0.0
0.9166667,14.0,6.014922E-4,0.008366548,1.082875E-4,0.008851604,0.0,0.0,0.0077879755,0.0
0.9166667,15.0,0.0,0.0,0.0,0.0,0.0,0.0,0.0,0.0
0.9166667,16.0,0.0,0.0,0.0,0.0,0.0,0.0,0.0,0.0
0.9166667,17.0,0.0,0.0,0.0,0.0,0.0,0.0,0.0,0.0
0.9166667,18.0,0.0,0.0,0.0,0.0,0.0,0.0,0.0,0.0
0.9166667,19.0,0.0,0.0,0.0,0.0,0.0,0.0,0.0,0.0
0.9166667,20.0,0.0,0.0,0.0,0.0,0.0,0.0,0.0,0.0
0.9166667,21.0,0.0,0.0,0.0,0.0,0.0,0.0,0.0,0.0
0.9166667,22.0,0.0,0.0,0.0,0.0,0.0,0.0,0.0,0.0
0.9166667,23.0,0.0,0.0,0.0,0.0,0.0,0.0,0.0,0.0
0.9166667,24.0,0.0,0.0,0.0,0.0,0.0,0.0,0.0,0.0
0.9166667,25.0,0.0,0.0,0.0,0.0,0.0,0.0,0.0,0.0
1.0,0.0,0.8360929,0.05512154,1.088802E-4,9.755439E-4,0.0,0.0,8.2379155E-4,0.0
1.0,1.0,0.122977585,0.040110167,1.08071115E-4,0.0059562796,0.0,0.0,0.005262751,0.0
1.0,2.0,0.093051724,0.03510773,1.0818022E-4,0.0065777833,0.0,0.0,0.0058227563,0.0
1.0,3.0,0.08414487,0.02148812,1.07999935E-4,0.007730161,0.0,0.0,0.006838002,0.0
1.0,4.0,0.063971885,0.02497778,1.0827056E-4,0.008231526,0.0,0.0,0.0072703054,0.0
1.0,5.0,0.06814985,0.019236822,1.0812198E-4,0.008485952,0.0,0.0,0.0074853143,0.0
1.0,6.0,0.058685035,0.02012261,1.0787334E-4,0.008610398,0.0,0.0,0.007588364,0.0
1.0,7.0,0.024313763,0.024494668,1.08222994E-4,0.008720564,0.0,0.0,0.0076811435,0.0
1.0,8.0,0.0034235134,0.014644521,1.08288936E-4,0.008772168,0.0,0.0,0.0077237035,0.0
1.0,9.0,0.012271447,0.016369266,1.0828904E-4,0.008800605,0.0,0.0,0.007746833,0.0
1.0,10.0,0.0108931,0.012511833,1.0829285E-4,0.008820271,0.0,0.0,0.007762796,0.0
1.0,11.0,0.013924067,0.008202387,1.08280656E-4,0.008831007,0.0,0.0,0.0077713532,0.0
1.0,12.0,7.904363E-4,0.005869628,1.0828654E-4,0.008840515,0.0,0.0,0.0077790404,0.0
1.0,13.0,6.213826E-4,0.01224207,1.08285516E-4,0.0088473605,0.0,0.0,0.007784557,0.0
1.0,14.0,6.779407E-4,0.0053605423,1.08288266E-4,0.0088525005,0.0,0.0,0.0077886577,0.0
1.0,15.0,0.0,0.0,0.0,0.0,0.0,0.0,0.0,0.0
1.0,16.0,0.0,0.0,0.0,0.0,0.0,0.0,0.0,0.0
1.0,17.0,0.0,0.0,0.0,0.0,0.0,0.0,0.0,0.0
1.0,18.0,0.0,0.0,0.0,0.0,0.0,0.0,0.0,0.0
1.0,19.0,0.0,0.0,0.0,0.0,0.0,0.0,0.0,0.0
1.0,20.0,0.0,0.0,0.0,0.0,0.0,0.0,0.0,0.0
1.0,21.0,0.0,0.0,0.0,0.0,0.0,0.0,0.0,0.0
1.0,22.0,0.0,0.0,0.0,0.0,0.0,0.0,0.0,0.0
1.0,23.0,0.0,0.0,0.0,0.0,0.0,0.0,0.0,0.0
1.0,24.0,0.0,0.0,0.0,0.0,0.0,0.0,0.0,0.0
1.0,25.0,0.0,0.0,0.0,0.0,0.0,0.0,0.0,0.0
1.0833334,0.0,0.71776414,0.07421044,1.0789704E-4,0.0026796851,0.0,0.0,0.0020548601,0.0
1.0833334,1.0,0.118759766,0.031278685,1.0793013E-4,0.010476513,0.0,0.0,0.00810177,0.0
1.0833334,2.0,0.08096137,0.03148044,1.08325745E-4,0.011466889,0.0,0.0,0.008869602,0.0
1.0833334,3.0,0.09435844,0.014617325,1.0834395E-4,0.013309437,0.0,0.0,0.0102747725,0.0
1.0833334,4.0,0.0921978,0.02203476,1.08376415E-4,0.014047194,0.0,0.0,0.010831145,0.0
1.0833334,5.0,0.053590637,0.018221455,1.0835364E-4,0.01445303,0.0,0.0,0.011134923,0.0
1.0833334,6.0,0.042261552,0.017399501,1.0821389E-4,0.014658184,0.0,0.0,0.0112872645,0.0
1.0833334,7.0,0.008157869,0.013433252,1.082919E-4,0.014793663,0.0,0.0,0.01138807,0.0
1.0833334,8.0,0.021390771,0.01210031,1.0802271E-4,0.0148318615,0.0,0.0,0.011415185,0.0
1.0833334,9.0,0.0012529959,0.011919823,1.0828401E-4,0.014912805,0.0,0.0,0.011476073,0.0
1.0833334,10.0,0.0021526786,0.01431506,1.0828791E-4,0.014942133,0.0,0.0,0.011497664,0.0
1.0833334,11.0,0.009544677,0.009443666,1.0829214E-4,0.014962655,0.0,0.0,0.011512738,0.0
1.0833334,12.0,0.0018079322,0.0082407035,1.0827986E-4,0.014975078,0.0,0.0,0.01152183,0.0
1.0833334,13.0,0.001399724,0.007980386,1.082865E-4,0.014985858,0.0,0.0,0.011529708,0.0
1.0833334,14.0,8.8564004E-4,0.012179889,1.0828059E-4,0.0149940755,0.0,0.0,0.011535726,0.0
1.0833334,15.0,0.0,0.0,0.0,0.0,0.0,0.0,0.0,0.0
1.0833334,16.0,0.0,0.0,0.0,0.0,0.0,0.0,0.0,0.0
1.0833334,17.0,0.0,0.0,0.0,0.0,0.0,0.0,0.0,0.0
1.0833334,18.0,0.0,0.0,0.0,0.0,0.0,0.0,0.0,0.0
1.0833334,19.0,0.0,0.0,0.0,0.0,0.0,0.0,0.0,0.0
1.0833334,20.0,0.0,0.0,0.0,0.0,0.0,0.0,0.0,0.0
1.0833334,21.0,0.0,0.0,0.0,0.0,0.0,0.0,0.0,0.0
1.0833334,22.0,0.0,0.0,0.0,0.0,0.0,0.0,0.0,0.0
1.0833334,23.0,0.0,0.0,0.0,0.0,0.0,0.0,0.0,0.0
1.0833334,24.0,0.0,0.0,0.0,0.0,0.0,0.0,0.0,0.0
1.0833334,25.0,0.0,0.0,0.0,0.0,0.0,0.0,0.0,0.0
1.1666666,0.0,0.8582074,0.04445127,1.0371053E-4,0.004248313,0.0,0.0,0.0032736564,0.0
1.1666666,1.0,0.0888604,0.025968777,1.0609981E-4,0.010706078,0.0,0.0,0.008277472,0.0
1.1666666,2.0,0.09601964,0.030929808,1.1067747E-4,0.011917142,0.0,0.0,0.0092157805,0.0
1.1666666,3.0,0.08249302,0.012873226,1.1269976E-4,0.013927084,0.0,0.0,0.010750176,0.0
1.1666666,4.0,0.1004467,0.020075819,1.1240386E-4,0.014641115,0.0,0.0,0.011287745,0.0
1.1666666,5.0,0.071017236,0.011158646,1.0884522E-4,0.014542955,0.0,0.0,0.011203596,0.0
1.1666666,6.0,0.050995123,0.013532083,1.08962115E-4,0.014775816,0.0,0.0,0.011377365,0.0
1.1666666,7.0,0.01822301,0.012689418,1.09882865E-4,0.015017932,0.0,0.0,0.011560428,0.0
1.1666666,8.0,0.004705247,0.008641619,1.102581E-4,0.015145073,0.0,0.0,0.011656071,0.0
1.1666666,9.0,0.0012236265,0.0127306525,1.0900207E-4,0.0150143355,0.0,0.0,0.011554011,0.0
1.1666666,10.0,0.0014620223,0.00798881,1.0828004E-4,0.014943513,0.0,0.0,0.011498638,0.0
1.1666666,11.0,0.0017923724,0.005199428,1.0923257E-4,0.015094091,0.0,0.0,0.01161381,0.0
1.1666666,12.0,0.0010590955,0.0050120316,1.08566615E-4,0.015016078,0.0,0.0,0.011553301,0.0
1.1666666,13.0,0.0010184031,0.011663231,1.0917451E-4,0.015110181,0.0,0.0,0.011625367,0.0
1.1666666,14.0,9.78668E-4,0.0058742524,1.0886859E-4,0.015075586,0.0,0.0,0.011598416,0.0
1.1666666,15.0,0.0,0.0,0.0,0.0,0.0,0.0,0.0,0.0
1.1666666,16.0,0.0,0.0,0.0,0.0,0.0,0.0,0.0,0.0
1.1666666,17.0,0.0,0.0,0.0,0.0,0.0,0.0,0.0,0.0
1.1666666,18.0,0.0,0.0,0.0,0.0,0.0,0.0,0.0,0.0
1.1666666,19.0,0.0,0.0,0.0,0.0,0.0,0.0,0.0,0.0
1.1666666,20.0,0.0,0.0,0.0,0.0,0.0,0.0,0.0,0.0
1.1666666,21.0,0.0,0.0,0.0,0.0,0.0,0.0,0.0,0.0
1.1666666,22.0,0.0,0.0,0.0,0.0,0.0,0.0,0.0,0.0
1.1666666,23.0,0.0,0.0,0.0,0.0,0.0,0.0,0.0,0.0
1.1666666,24.0,0.0,0.0,0.0,0.0,0.0,0.0,0.0,0.0
1.1666666,25.0,0.0,0.0,0.0,0.0,0.0,0.0,0.0,0.0
1.25,0.0,0.13204671,0.02923402,7.7976627,0.0029440802,0.0,0.0,0.0022742988,0.0
1.25,1.0,0.108450316,0.020393338,9.937627E-5,0.010554859,0.0,0.0,0.008157543,0.0
1.25,2.0,0.0862202,0.018970171,1.2597158E-4,0.01344219,0.0,0.0,0.01039504,0.0
1.25,3.0,0.0792427,0.013723891,1.12904156E-4,0.013829662,0.0,0.0,0.010676054,0.0
1.25,4.0,0.07305331,0.018941715,1.13762966E-4,0.01480262,0.0,0.0,0.01141241,0.0
1.25,5.0,0.04070457,0.0137393335,1.0945237E-4,0.014585471,0.0,0.0,0.011237201,0.0
1.25,6.0,0.03362048,0.011575249,1.1263688E-4,0.015261533,0.0,0.0,0.011751648,0.0
1.25,7.0,0.05039667,0.013906596,1.093858E-4,0.014945037,0.0,0.0,0.01150449,0.0
1.25,8.0,0.018649159,0.008174437,1.10995585E-4,0.015242083,0.0,0.0,0.011730849,0.0
1.25,9.0,0.004727967,0.008171968,1.09802575E-4,0.015125281,0.0,0.0,0.011639455,0.0
1.25,10.0,0.0013283154,0.012454695,1.0933727E-4,0.015087996,0.0,0.0,0.011609805,0.0
1.25,11.0,0.0016318898,0.008011726,1.1009883E-4,0.015213628,0.0,0.0,0.011705755,0.0
1.25,12.0,0.0014904996,0.004853697,1.0984759E-4,0.015192116,0.0,0.0,0.011688788,0.0
1.25,13.0,0.00124988,0.0066996445,1.09687106E-4,0.015180214,0.0,0.0,0.011679205,0.0
1.25,14.0,0.001470911,0.004156807,1.0964105E-4,0.015181608,0.0,0.0,0.01167999,0.0
1.25,15.0,0.0,0.0,0.0,0.0,0.0,0.0,0.0,0.0
1.25,16.0,0.0,0.0,0.0,0.0,0.0,0.0,0.0,0.0
1.25,17.0,0.0,0.0,0.0,0.0,0.0,0.0,0.0,0.0
1.25,18.0,0.0,0.0,0.0,0.0,0.0,0.0,0.0,0.0
1.25,19.0,0.0,0.0,0.0,0.0,0.0,0.0,0.0,0.0
1.25,20.0,0.0,0.0,0.0,0.0,0.0,0.0,0.0,0.0
1.25,21.0,0.0,0.0,0.0,0.0,0.0,0.0,0.0,0.0
1.25,22.0,0.0,0.0,0.0,0.0,0.0,0.0,0.0,0.0
1.25,23.0,0.0,0.0,0.0,0.0,0.0,0.0,0.0,0.0
1.25,24.0,0.0,0.0,0.0,0.0,0.0,0.0,0.0,0.0
1.25,25.0,0.0,0.0,0.0,0.0,0.0,0.0,0.0,0.0
1.3333334,0.0,0.0068161646,0.0,15.004412,5.0178903E-7,0.0,0.0,3.7402762E-7,0.0
1.3333334,1.0,0.0982994,0.012946378,9.9881836E-5,0.011125716,0.0,0.0,0.00859504,0.0
1.3333334,2.0,0.12486899,0.014297622,1.19939556E-4,0.012948785,0.0,0.0,0.010011279,0.0
1.3333334,3.0,0.13343456,0.009113873,1.1019463E-4,0.013474441,0.0,0.0,0.010402011,0.0
1.3333334,4.0,0.1150055,0.021748977,1.150423E-4,0.014928623,0.0,0.0,0.01151019,0.0
1.3333334,5.0,0.0686669,0.0124116605,1.1093332E-4,0.014774554,0.0,0.0,0.011383044,0.0
1.3333334,6.0,0.08696958,0.011085749,1.1035377E-4,0.0149558345,0.0,0.0,0.0115161985,0.0
1.3333334,7.0,0.057122733,0.005575989,1.0769806E-4,0.014714463,0.0,0.0,0.011326965,0.0
1.3333334,8.0,0.03615575,0.0053826873,1.1176013E-4,0.015345144,0.0,0.0,0.011810191,0.0
1.3333334,9.0,0.016108807,0.0061608986,1.08992936E-4,0.015011322,0.0,0.0,0.011551773,0.0
1.3333334,10.0,0.0049556624,0.004393099,1.09533044E-4,0.015115938,0.0,0.0,0.011631271,0.0
1.3333334,11.0,0.002140792,0.0061293636,1.0990179E-4,0.015186899,0.0,0.0,0.011685249,0.0
1.3333334,12.0,0.0019895048,0.010120176,1.0964904E-4,0.015163739,0.0,0.0,0.011666895,0.0
1.3333334,13.0,0.0020230296,0.009177896,1.09824956E-4,0.015198959,0.0,0.0,0.011693696,0.0
1.3333334,14.0,0.002577215,0.003639933,1.09356304E-4,0.015142602,0.0,0.0,0.011650019,0.0
1.3333334,15.0,0.0,0.0,0.0,0.0,0.0,0.0,0.0,0.0
1.3333334,16.0,0.0,0.0,0.0,0.0,0.0,0.0,0.0,0.0
1.3333334,17.0,0.0,0.0,0.0,0.0,0.0,0.0,0.0,0.0
1.3333334,18.0,0.0,0.0,0.0,0.0,0.0,0.0,0.0,0.0
1.3333334,19.0,0.0,0.0,0.0,0.0,0.0,0.0,0.0,0.0
1.3333334,20.0,0.0,0.0,0.0,0.0,0.0,0.0,0.0,0.0
1.3333334,21.0,0.0,0.0,0.0,0.0,0.0,0.0,0.0,0.0
1.3333334,22.0,0.0,0.0,0.0,0.0,0.0,0.0,0.0,0.0
1.3333334,23.0,0.0,0.0,0.0,0.0,0.0,0.0,0.0,0.0
1.3333334,24.0,0.0,0.0,0.0,0.0,0.0,0.0,0.0,0.0
1.3333334,25.0,0.0,0.0,0.0,0.0,0.0,0.0,0.0,0.0
1.4166666,0.0,0.0066072308,4.447294E-6,14.591106,6.0828233E-7,0.0,0.0,4.5225045E-7,0.0
1.4166666,1.0,0.08755364,0.0049591335,9.521872E-5,0.011045696,0.0,0.0,0.008529443,0.0
1.4166666,2.0,0.07288644,0.009103165,1.21421785E-4,0.013495271,0.0,0.0,0.010430262,0.0
1.4166666,3.0,0.0889888,0.0110834,1.1667662E-4,0.014249132,0.0,0.0,0.011000254,0.0
1.4166666,4.0,0.080439106,0.009600934,1.0742871E-4,0.013964071,0.0,0.0,0.010765951,0.0
1.4166666,5.0,0.07240472,0.0056494274,1.1177446E-4,0.01489611,0.0,0.0,0.011476461,0.0
1.4166666,6.0,0.05227842,0.0057163,1.07963126E-4,0.014629854,0.0,0.0,0.011265226,0.0
1.4166666,7.0,0.067716144,0.005250609,1.12032576E-4,0.015306794,0.0,0.0,0.011782944,0.0
1.4166666,8.0,0.023474123,0.005106571,1.09235305E-4,0.01499845,0.0,0.0,0.011543406,0.0
1.4166666,9.0,0.022534668,0.0049700025,1.1000895E-4,0.015152798,0.0,0.0,0.011660674,0.0
1.4166666,10.0,0.011528195,0.0028637762,1.09095854E-4,0.015055789,0.0,0.0,0.011585041,0.0
1.4166666,11.0,0.0055079497,0.0022988175,1.0923781E-4,0.015093842,0.0,0.0,0.011613669,0.0
1.4166666,12.0,0.0028798685,0.0025059073,1.10185145E-4,0.015239394,0.0,0.0,0.01172511,0.0
1.4166666,13.0,0.002112096,0.0060433596,1.0956849E-4,0.015164291,0.0,0.0,0.011666962,0.0
1.4166666,14.0,0.0014935174,0.0026219194,1.09351524E-4,0.015142272,0.0,0.0,0.011649694,0.0
1.4166666,15.0,0.0,0.0,0.0,0.0,0.0,0.0,0.0,0.0
1.4166666,16.0,0.0,0.0,0.0,0.0,0.0,0.0,0.0,0.0
1.4166666,17.0,0.0,0.0,0.0,0.0,0.0,0.0,0.0,0.0
1.4166666,18.0,0.0,0.0,0.0,0.0,0.0,0.0,0.0,0.0
1.4166666,19.0,0.0,0.0,0.0,0.0,0.0,0.0,0.0,0.0
1.4166666,20.0,0.0,0.0,0.0,0.0,0.0,0.0,0.0,0.0
1.4166666,21.0,0.0,0.0,0.0,0.0,0.0,0.0,0.0,0.0
1.4166666,22.0,0.0,0.0,0.0,0.0,0.0,0.0,0.0,0.0
1.4166666,23.0,0.0,0.0,0.0,0.0,0.0,0.0,0.0,0.0
1.4166666,24.0,0.0,0.0,0.0,0.0,0.0,0.0,0.0,0.0
1.4166666,25.0,0.0,0.0,0.0,0.0,0.0,0.0,0.0,0.0
1.5,0.0,0.0073828427,2.6342445E-6,14.298341,7.521373E-7,0.0,0.0,5.5884584E-7,0.0
1.5,1.0,0.028663456,0.006725847,8.897832E-5,0.010651019,0.0,0.0,0.00822136,0.0
1.5,2.0,0.07277763,0.009667089,1.17872805E-4,0.013413622,0.0,0.0,0.010363606,0.0
1.5,3.0,0.07301841,0.006373323,1.19675715E-4,0.014724281,0.0,0.0,0.011365563,0.0
1.5,4.0,0.07972598,0.008053471,1.1197548E-4,0.014586083,0.0,0.0,0.0112450505,0.0
1.5,5.0,0.032808203,0.0077468874,1.1159355E-4,0.014882204,0.0,0.0,0.011465566,0.0
1.5,6.0,0.05024134,0.00643674,1.0756754E-4,0.014577653,0.0,0.0,0.011225087,0.0
1.5,7.0,0.0622735,0.006788364,1.1311638E-4,0.015451858,0.0,0.0,0.01189474,0.0
1.5,8.0,0.029142937,0.0063946657,1.09110406E-4,0.014981489,0.0,0.0,0.011530351,0.0
1.5,9.0,0.03479818,0.0013106477,1.0906079E-4,0.01502084,0.0,0.0,0.0115591,0.0
1.5,10.0,0.018870868,0.0042065484,1.09939785E-4,0.015172935,0.0,0.0,0.01167511,0.0
1.5,11.0,0.010742116,0.0027814403,1.09506334E-4,0.015130226,0.0,0.0,0.0116416225,0.0
1.5,12.0,0.0069861724,0.0067778006,1.0926282E-4,0.015112405,0.0,0.0,0.011627372,0.0
1.5,13.0,0.0047844294,4.7358323E-4,1.0989271E-4,0.015209618,0.0,0.0,0.011701897,0.0
1.5,14.0,0.0027395992,0.005043008,1.0992489E-4,0.01522146,0.0,0.0,0.011710757,0.0
1.5,15.0,0.0,0.0,0.0,0.0,0.0,0.0,0.0,0.0
1.5,16.0,0.0,0.0,0.0,0.0,0.0,0.0,0.0,0.0
1.5,17.0,0.0,0.0,0.0,0.0,0.0,0.0,0.0,0.0
1.5,18.0,0.0,0.0,0.0,0.0,0.0,0.0,0.0,0.0
1.5,19.0,0.0,0.0,0.0,0.0,0.0,0.0,0.0,0.0
1.5,20.0,0.0,0.0,0.0,0.0,0.0,0.0,0.0,0.0
1.5,21.0,0.0,0.0,0.0,0.0,0.0,0.0,0.0,0.0
1.5,22.0,0.0,0.0,0.0,0.0,0.0,0.0,0.0,0.0
1.5,23.0,0.0,0.0,0.0,0.0,0.0,0.0,0.0,0.0
1.5,24.0,0.0,0.0,0.0,0.0,0.0,0.0,0.0,0.0
1.5,25.0,0.0,0.0,0.0,0.0,0.0,0.0,0.0,0.0
1.5833334,0.0,0.008138957,1.5996102E-6,14.50187,8.084568E-7,0.0,0.0,6.019176E-7,0.0
1.5833334,1.0,0.022146422,0.005018132,6.428632E-5,0.007948214,0.0,0.0,0.006132569,0.0
1.5833334,2.0,0.08778515,0.0060003437,1.2340439E-4,0.014510761,0.0,0.0,0.01120558,0.0
1.5833334,3.0,0.057887923,0.011096746,1.1329132E-4,0.014013473,0.0,0.0,0.010815949,0.0
1.5833334,4.0,0.0043470976,0.0,1.0983944E-5,0.0014310733,0.08400501,0.0,0.001103278,0.0
1.5833334,5.0,0.0,0.0,0.0,0.0,0.08465165,0.0,0.0,0.0
1.5833334,6.0,0.0,0.0,0.0,0.0,0.09137189,0.0,0.0,0.0
1.5833334,7.0,0.0,0.0,0.0,0.0,0.08905144,0.0,0.0,0.0
1.5833334,8.0,0.0,0.0,0.0,0.0,0.087604694,0.0,0.0,0.0
1.5833334,9.0,0.0,0.0,0.0,0.0,0.08712164,0.0,0.0,0.0
1.5833334,10.0,0.0,0.0,0.0,0.0,0.08796266,0.0,0.0,0.0
1.5833334,11.0,0.0,0.0,0.0,0.0,0.088765725,0.0,0.0,0.0
1.5833334,12.0,0.0,0.0,0.0,0.0,0.08818783,0.0,0.0,0.0
1.5833334,13.0,0.0,0.0,0.0,0.0,0.08873391,0.0,0.0,0.0
1.5833334,14.0,0.0,0.0,0.0,0.0,0.08868711,0.0,0.0,0.0
1.5833334,15.0,0.0,0.0,0.0,0.0,0.0,0.0,0.0,0.0
1.5833334,16.0,0.0,0.0,0.0,0.0,0.0,0.0,0.0,0.0
1.5833334,17.0,0.0,0.0,0.0,0.0,0.0,0.0,0.0,0.0
1.5833334,18.0,0.0,0.0,0.0,0.0,0.0,0.0,0.0,0.0
1.5833334,19.0,0.0,0.0,0.0,0.0,0.0,0.0,0.0,0.0
1.5833334,20.0,0.0,0.0,0.0,0.0,0.0,0.0,0.0,0.0
1.5833334,21.0,0.0,0.0,0.0,0.0,0.0,0.0,0.0,0.0
1.5833334,22.0,0.0,0.0,0.0,0.0,0.0,0.0,0.0,0.0
1.5833334,23.0,0.0,0.0,0.0,0.0,0.0,0.0,0.0,0.0
1.5833334,24.0,0.0,0.0,0.0,0.0,0.0,0.0,0.0,0.0
1.5833334,25.0,0.0,0.0,0.0,0.0,0.0,0.0,0.0,0.0
1.6666666,0.0,0.0077352803,6.515726E-8,14.291309,1.0683673E-6,0.0,0.0,7.9769984E-7,0.0
1.6666666,1.0,0.024682296,0.0,5.740658E-5,0.007103865,0.0,0.0,0.005483125,0.0
1.6666666,2.0,0.05106377,0.019906849,1.15022434E-4,0.01392798,0.0,0.0,0.010750498,0.0
1.6666666,3.0,0.0745422,0.009932073,1.0677288E-4,0.013254383,0.0,0.0,0.010229491,0.0
1.6666666,4.0,0.0019316069,0.0012239125,8.351109E-6,0.0010904488,0.0848246,0.0,8.406347E-4,0.0
1.6666666,5.0,0.0,0.0,0.0,0.0,0.088649385,0.0,0.0,0.0
1.6666666,6.0,0.0,0.0,0.0,0.0,0.087804005,0.0,0.0,0.0
1.6666666,7.0,0.0,0.0,0.0,0.0,0.0874232,0.0,0.0,0.0
1.6666666,8.0,0.0,0.0,0.0,0.0,0.088396706,0.0,0.0,0.0
1.6666666,9.0,0.0,0.0,0.0,0.0,0.08819135,0.0,0.0,0.0
1.6666666,10.0,0.0,0.0,0.0,0.0,0.08773289,0.0,0.0,0.0
1.6666666,11.0,0.0,0.0,0.0,0.0,0.08867012,0.0,0.0,0.0
1.6666666,12.0,0.0,0.0,0.0,0.0,0.08739898,0.0,0.0,0.0
1.6666666,13.0,0.0,0.0,0.0,0.0,0.08837728,0.0,0.0,0.0
1.6666666,14.0,0.0,0.0,0.0,0.0,0.08776908,0.0,0.0,0.0
1.6666666,15.0,0.0,0.0,0.0,0.0,0.0,0.0,0.0,0.0
1.6666666,16.0,0.0,0.0,0.0,0.0,0.0,0.0,0.0,0.0
1.6666666,17.0,0.0,0.0,0.0,0.0,0.0,0.0,0.0,0.0
1.6666666,18.0,0.0,0.0,0.0,0.0,0.0,0.0,0.0,0.0
1.6666666,19.0,0.0,0.0,0.0,0.0,0.0,0.0,0.0,0.0
1.6666666,20.0,0.0,0.0,0.0,0.0,0.0,0.0,0.0,0.0
1.6666666,21.0,0.0,0.0,0.0,0.0,0.0,0.0,0.0,0.0
1.6666666,22.0,0.0,0.0,0.0,0.0,0.0,0.0,0.0,0.0
1.6666666,23.0,0.0,0.0,0.0,0.0,0.0,0.0,0.0,0.0
1.6666666,24.0,0.0,0.0,0.0,0.0,0.0,0.0,0.0,0.0
1.6666666,25.0,0.0,0.0,0.0,0.0,0.0,0.0,0.0,0.0
1.75,0.0,0.76771444,0.0011633467,7.3188553,1.2803907E-4,0.0,0.0,9.630699E-5,0.0
1.75,1.0,0.104522794,9.243958E-5,1.0844053E-4,0.013643058,0.0,0.0,0.010527044,0.0
1.75,2.0,0.067750126,0.012246047,1.0829674E-4,0.01331614,0.0,0.0,0.010275779,0.0
1.75,3.0,0.08850703,0.01355061,1.0751641E-4,0.013532361,0.0,0.0,0.010441123,0.0
1.75,4.0,3.4589875E-10,0.0,9.731134E-12,1.2836886E-9,0.08749999,0.0,9.893127E-10,0.0
1.75,5.0,0.0,0.0,0.0,0.0,0.087500006,0.0,0.0,0.0
1.75,6.0,0.0,0.0,0.0,0.0,0.087500006,0.0,0.0,0.0
1.75,7.0,0.0,0.0,0.0,0.0,0.0875,0.0,0.0,0.0
1.75,8.0,0.0,0.0,0.0,0.0,0.0875,0.0,0.0,0.0
1.75,9.0,0.0,0.0,0.0,0.0,0.0875,0.0,0.0,0.0
1.75,10.0,0.0,0.0,0.0,0.0,0.0875,0.0,0.0,0.0
1.75,11.0,0.0,0.0,0.0,0.0,0.0875,0.0,0.0,0.0
1.75,12.0,0.0,0.0,0.0,0.0,0.0875,0.0,0.0,0.0
1.75,13.0,0.0,0.0,0.0,0.0,0.0875,0.0,0.0,0.0
1.75,14.0,0.0,0.0,0.0,0.0,0.0875,0.0,0.0,0.0
1.75,15.0,0.0,0.0,0.0,0.0,0.0,0.0,0.0,0.0
1.75,16.0,0.0,0.0,0.0,0.0,0.0,0.0,0.0,0.0
1.75,17.0,0.0,0.0,0.0,0.0,0.0,0.0,0.0,0.0
1.75,18.0,0.0,0.0,0.0,0.0,0.0,0.0,0.0,0.0
1.75,19.0,0.0,0.0,0.0,0.0,0.0,0.0,0.0,0.0
1.75,20.0,0.0,0.0,0.0,0.0,0.0,0.0,0.0,0.0
1.75,21.0,0.0,0.0,0.0,0.0,0.0,0.0,0.0,0.0
1.75,22.0,0.0,0.0,0.0,0.0,0.0,0.0,0.0,0.0
1.75,23.0,0.0,0.0,0.0,0.0,0.0,0.0,0.0,0.0
1.75,24.0,0.0,0.0,0.0,0.0,0.0,0.0,0.0,0.0
1.75,25.0,0.0,0.0,0.0,0.0,0.0,0.0,0.0,0.0
1.8333334,0.0,1.5636817,0.004077267,1.0130052E-4,5.8767124E-4,0.0,0.0,4.4665532E-4,0.0
1.8333334,1.0,0.09918095,0.021671947,1.0824892E-4,0.013829661,0.0,0.0,0.0106673585,0.0
1.8333334,2.0,0.08439757,0.0296098,1.0818223E-4,0.0134665165,0.0,0.0,0.010389551,0.0
1.8333334,3.0,0.062742114,0.028695125,1.0814617E-4,0.013739316,0.0,0.0,0.010598479,0.0
1.8333334,4.0,0.09553918,0.13084576,1.0822407E-4,0.01426653,0.0,0.0,0.010995253,0.0
1.8333334,5.0,0.08775509,0.13195203,1.08342676E-4,0.014527371,0.0,0.0,0.011190493,0.0
1.8333334,6.0,0.061926153,0.13586824,1.0827302E-4,0.014706424,0.0,0.0,0.011323264,0.0
1.8333334,7.0,0.06556046,0.13095756,1.0835387E-4,0.014824862,0.0,0.0,0.011411389,0.0
1.8333334,8.0,0.0648806,0.13253132,1.0831273E-4,0.014885998,0.0,0.0,0.011456433,0.0
1.8333334,9.0,0.08405502,0.12964527,1.0834838E-4,0.014930031,0.0,0.0,0.01148888,0.0
1.8333334,10.0,0.055156965,0.1307444,1.0834264E-4,0.01495619,0.0,0.0,0.011508224,0.0
1.8333334,11.0,0.045462187,0.12882093,1.0837665E-4,0.014977746,0.0,0.0,0.011524196,0.0
1.8333334,12.0,0.032585755,0.12666638,1.0832665E-4,0.014984756,0.0,0.0,0.011529101,0.0
1.8333334,13.0,0.04099872,0.12812002,1.08358916E-4,0.015001839,0.0,0.0,0.011541919,0.0
1.8333334,14.0,0.027822621,0.1281855,1.0829285E-4,0.015001361,0.0,0.0,0.011541226,0.0
1.8333334,15.0,0.0,0.0,0.0,0.0,0.0,0.0,0.0,0.0
1.8333334,16.0,0.0,0.0,0.0,0.0,0.0,0.0,0.0,0.0
1.8333334,17.0,0.0,0.0,0.0,0.0,0.0,0.0,0.0,0.0
1.8333334,18.0,0.0,0.0,0.0,0.0,0.0,0.0,0.0,0.0
1.8333334,19.0,0.0,0.0,0.0,0.0,0.0,0.0,0.0,0.0
1.8333334,20.0,0.0,0.0,0.0,0.0,0.0,0.0,0.0,0.0
1.8333334,21.0,0.0,0.0,0.0,0.0,0.0,0.0,0.0,0.0
1.8333334,22.0,0.0,0.0,0.0,0.0,0.0,0.0,0.0,0.0
1.8333334,23.0,0.0,0.0,0.0,0.0,0.0,0.0,0.0,0.0
1.8333334,24.0,0.0,0.0,0.0,0.0,0.0,0.0,0.0,0.0
1.8333334,25.0,0.0,0.0,0.0,0.0,0.0,0.0,0.0,0.0
1.9166666,0.0,1.1786052,0.017790908,1.0732058E-4,0.001943303,0.0,0.0,0.0014917246,0.0
1.9166666,1.0,0.3956206,0.107463345,1.0865515E-4,0.013977417,0.0,0.0,0.010779374,0.0
1.9166666,2.0,0.08521292,0.031306062,1.0817502E-4,0.013616126,0.0,0.0,0.010502822,0.0
1.9166666,3.0,0.051527057,0.024780337,1.0832901E-4,0.013882036,0.0,0.0,0.010706369,0.0
1.9166666,4.0,0.048533447,0.026148774,1.0831E-4,0.014339497,0.0,0.0,0.011049916,0.0
1.9166666,5.0,0.07600877,0.013695717,1.0855312E-4,0.014593119,0.0,0.0,0.011239983,0.0
1.9166666,6.0,0.06932022,0.011912989,1.0836367E-4,0.014735753,0.0,0.0,0.011345298,0.0
1.9166666,7.0,0.050815262,0.0065171076,1.0832053E-4,0.014835755,0.0,0.0,0.011419297,0.0
1.9166666,8.0,0.049799263,0.009667638,1.0840537E-4,0.014906622,0.0,0.0,0.011472044,0.0
1.9166666,9.0,0.045183204,0.015908906,1.0835717E-4,0.014937395,0.0,0.0,0.011494527,0.0
1.9166666,10.0,0.049136583,0.00871789,1.0832659E-4,0.014960453,0.0,0.0,0.011511367,0.0
1.9166666,11.0,0.054557294,0.0056846947,1.08377004E-4,0.014984307,0.0,0.0,0.0115290955,0.0
1.9166666,12.0,0.022835644,0.008559083,1.08319444E-4,0.014985607,0.0,0.0,0.011529714,0.0
1.9166666,13.0,0.05846887,0.00935271,1.0838449E-4,0.015003988,0.0,0.0,0.011543513,0.0
1.9166666,14.0,0.056317694,0.0035662013,1.08455206E-4,0.015021945,0.0,0.0,0.011557206,0.0
1.9166666,15.0,0.0,0.0,0.0,0.0,0.0,0.0,0.0,0.0
1.9166666,16.0,0.0,0.0,0.0,0.0,0.0,0.0,0.0,0.0
1.9166666,17.0,0.0,0.0,0.0,0.0,0.0,0.0,0.0,0.0
1.9166666,18.0,0.0,0.0,0.0,0.0,0.0,0.0,0.0,0.0
1.9166666,19.0,0.0,0.0,0.0,0.0,0.0,0.0,0.0,0.0
1.9166666,20.0,0.0,0.0,0.0,0.0,0.0,0.0,0.0,0.0
1.9166666,21.0,0.0,0.0,0.0,0.0,0.0,0.0,0.0,0.0
1.9166666,22.0,0.0,0.0,0.0,0.0,0.0,0.0,0.0,0.0
1.9166666,23.0,0.0,0.0,0.0,0.0,0.0,0.0,0.0,0.0
1.9166666,24.0,0.0,0.0,0.0,0.0,0.0,0.0,0.0,0.0
1.9166666,25.0,0.0,0.0,0.0,0.0,0.0,0.0,0.0,0.0
2.0,0.0,0.6181782,0.0372466,1.08254826E-4,0.0040551894,0.0,0.0,0.0031271721,0.0
2.0,1.0,0.07374454,0.05282843,1.08559245E-4,0.014154515,0.0,0.0,0.010911859,0.0
2.0,2.0,0.093825385,0.022099623,1.0819395E-4,0.013760703,0.0,0.0,0.010612027,0.0
2.0,3.0,0.07648995,0.02578102,1.0816304E-4,0.013971566,0.0,0.0,0.010773234,0.0
2.0,4.0,0.07571772,0.023478646,1.08291766E-4,0.014386714,0.0,0.0,0.011084916,0.0
2.0,5.0,0.07548072,0.020907888,1.08258675E-4,0.014593594,0.0,0.0,0.011239404,0.0
2.0,6.0,0.06802862,0.01128999,1.08363565E-4,0.01475869,0.0,0.0,0.011362402,0.0
2.0,7.0,0.052827463,0.008183621,1.0835411E-4,0.014850168,0.0,0.0,0.011430053,0.0
2.0,8.0,0.055810776,0.009544852,1.0834067E-4,0.01489979,0.0,0.0,0.0114665665,0.0
2.0,9.0,0.06070877,0.01620788,1.0834908E-4,0.014939187,0.0,0.0,0.011495682,0.0
2.0,10.0,0.049320504,0.008514079,1.08344386E-4,0.01496548,0.0,0.0,0.011515094,0.0
2.0,11.0,0.057652578,0.008834559,1.0835598E-4,0.014981122,0.0,0.0,0.011526591,0.0
2.0,12.0,0.03368712,0.0058513368,1.08317865E-4,0.014986294,0.0,0.0,0.011530135,0.0
2.0,13.0,0.053372763,0.0060988218,1.08372915E-4,0.015001095,0.0,0.0,0.011541229,0.0
2.0,14.0,0.036877222,0.0056177424,1.08369204E-4,0.0150108095,0.0,0.0,0.01154838,0.0
2.0,15.0,0.0,0.0,0.0,0.0,0.0,0.0,0.0,0.0
2.0,16.0,0.0,0.0,0.0,0.0,0.0,0.0,0.0,0.0
2.0,17.0,0.0,0.0,0.0,0.0,0.0,0.0,0.0,0.0
2.0,18.0,0.0,0.0,0.0,0.0,0.0,0.0,0.0,0.0
2.0,19.0,0.0,0.0,0.0,0.0,0.0,0.0,0.0,0.0
2.0,20.0,0.0,0.0,0.0,0.0,0.0,0.0,0.0,0.0
2.0,21.0,0.0,0.0,0.0,0.0,0.0,0.0,0.0,0.0
2.0,22.0,0.0,0.0,0.0,0.0,0.0,0.0,0.0,0.0
2.0,23.0,0.0,0.0,0.0,0.0,0.0,0.0,0.0,0.0
2.0,24.0,0.0,0.0,0.0,0.0,0.0,0.0,0.0,0.0
2.0,25.0,0.0,0.0,0.0,0.0,0.0,0.0,0.0,0.0
2.0833333,0.0,0.78337383,0.036367718,1.07068125E-4,0.005748537,0.0,0.0,0.004096135,0.0
2.0833333,1.0,0.24648082,4.515792E-4,1.08661894E-4,0.013990069,0.0,0.0,0.009849919,0.0
2.0833333,2.0,0.095295206,0.014563059,1.0804169E-4,0.013564726,0.0,0.0,0.009555979,0.0
2.0833333,3.0,0.06789241,0.012083122,1.08282315E-4,0.013766485,0.0,0.0,0.009695684,0.0
2.0833333,4.0,0.083454326,0.02656932,1.0817686E-4,0.014086847,0.0,0.0,0.0099152755,0.0
2.0833333,5.0,0.10495677,0.008111008,1.0814692E-4,0.0142702535,0.0,0.0,0.010041352,0.0
2.0833333,6.0,0.11418519,0.013936816,1.0804717E-4,0.014381495,0.0,0.0,0.01011737,0.0
2.0833333,7.0,0.096974604,0.013914912,1.0839145E-4,0.014508777,0.0,0.0,0.010205557,0.0
2.0833333,8.0,0.108588874,0.013522711,1.08509266E-4,0.014569126,0.0,0.0,0.0102473395,0.0
2.0833333,9.0,0.089701995,0.009675102,1.08375396E-4,0.014586656,0.0,0.0,0.010258989,0.0
2.0833333,10.0,0.08604699,0.008752158,1.0844782E-4,0.014608825,0.0,0.0,0.010274368,0.0
2.0833333,11.0,0.0664739,0.0076738596,1.0835559E-4,0.014618624,0.0,0.0,0.010280785,0.0
2.0833333,12.0,0.11944748,0.006074894,1.0826736E-4,0.014615684,0.0,0.0,0.010278618,0.0
2.0833333,13.0,0.097424924,0.0024210054,1.0845772E-4,0.0146494815,0.0,0.0,0.010302375,0.0
2.0833333,14.0,0.105032675,0.0070001367,1.0837872E-4,0.014650595,0.0,0.0,0.010302983,0.0
2.0833333,15.0,0.0,0.0,0.0,0.0,0.0,0.0,0.0,0.0
2.0833333,16.0,0.0,0.0,0.0,0.0,0.0,0.0,0.0,0.0
2.0833333,17.0,0.0,0.0,0.0,0.0,0.0,0.0,0.0,0.0
2.0833333,18.0,0.0,0.0,0.0,0.0,0.0,0.0,0.0,0.0
2.0833333,19.0,0.0,0.0,0.0,0.0,0.0,0.0,0.0,0.0
2.0833333,20.0,0.0,0.0,0.0,0.0,0.0,0.0,0.0,0.0
2.0833333,21.0,0.0,0.0,0.0,0.0,0.0,0.0,0.0,0.0
2.0833333,22.0,0.0,0.0,0.0,0.0,0.0,0.0,0.0,0.0
2.0833333,23.0,0.0,0.0,0.0,0.0,0.0,0.0,0.0,0.0
2.0833333,24.0,0.0,0.0,0.0,0.0,0.0,0.0,0.0,0.0
2.0833333,25.0,0.0,0.0,0.0,0.0,0.0,0.0,0.0,0.0
2.1666667,0.0,0.4048979,0.014325253,1.0867359E-4,0.008328977,0.0,0.0,0.0059199654,0.0
2.1666667,1.0,0.22938609,0.0018027985,1.08176115E-4,0.014027839,0.0,0.0,0.009875242,0.0
2.1666667,2.0,0.058574863,0.016825477,1.0619805E-4,0.013468984,0.0,0.0,0.009486205,0.0
2.1666667,3.0,0.07858207,0.01553627,1.0974103E-4,0.014029152,0.0,0.0,0.009879303,0.0
2.1666667,4.0,0.076349035,0.009401182,1.1370328E-4,0.014849522,0.0,0.0,0.010451503,0.0
2.1666667,5.0,0.099652246,0.01212225,1.107221E-4,0.014626804,0.0,0.0,0.0102917515,0.0
2.1666667,6.0,0.12191579,0.010731656,1.1018219E-4,0.01467165,0.0,0.0,0.010321372,0.0
2.1666667,7.0,0.06318927,0.009932447,1.082179E-4,0.0144928675,0.0,0.0,0.010194141,0.0
2.1666667,8.0,0.18089034,0.008811245,1.1166915E-4,0.014988156,0.0,0.0,0.010541946,0.0
2.1666667,9.0,0.084829085,0.0012207062,1.0941331E-4,0.014731559,0.0,0.0,0.010360855,0.0
2.1666667,10.0,0.107332446,0.0020564704,1.0861132E-4,0.014642621,0.0,0.0,0.010298026,0.0
2.1666667,11.0,0.10985287,0.0047882167,1.0763093E-4,0.014522256,0.0,0.0,0.01021334,0.0
2.1666667,12.0,0.05881754,0.0050516706,1.0931823E-4,0.014760672,0.0,0.0,0.010380654,0.0
2.1666667,13.0,0.06760652,0.0023914026,1.0817263E-4,0.014608435,0.0,0.0,0.0102733895,0.0
2.1666667,14.0,0.0851927,0.009540816,1.09688255E-4,0.014829248,0.0,0.0,0.010428629,0.0
2.1666667,15.0,0.0,0.0,0.0,0.0,0.0,0.0,0.0,0.0
2.1666667,16.0,0.0,0.0,0.0,0.0,0.0,0.0,0.0,0.0
2.1666667,17.0,0.0,0.0,0.0,0.0,0.0,0.0,0.0,0.0
2.1666667,18.0,0.0,0.0,0.0,0.0,0.0,0.0,0.0,0.0
2.1666667,19.0,0.0,0.0,0.0,0.0,0.0,0.0,0.0,0.0
2.1666667,20.0,0.0,0.0,0.0,0.0,0.0,0.0,0.0,0.0
2.1666667,21.0,0.0,0.0,0.0,0.0,0.0,0.0,0.0,0.0
2.1666667,22.0,0.0,0.0,0.0,0.0,0.0,0.0,0.0,0.0
2.1666667,23.0,0.0,0.0,0.0,0.0,0.0,0.0,0.0,0.0
2.1666667,24.0,0.0,0.0,0.0,0.0,0.0,0.0,0.0,0.0
2.1666667,25.0,0.0,0.0,0.0,0.0,0.0,0.0,0.0,0.0
2.25,0.0,0.27429223,1.0236109E-4,7.629921,0.004453396,0.0,0.0,0.0031586448,0.0
2.25,1.0,0.39765123,0.002374192,4.461698E-4,0.052510846,0.0,0.0,0.037047993,0.0
2.25,2.0,0.06242528,0.014586486,9.630777E-5,0.012385892,0.0,0.0,0.008720574,0.0
2.25,3.0,0.10861655,0.018299067,1.364806E-4,0.017330607,0.0,0.0,0.012205524,0.0
2.25,4.0,0.13816684,0.01658311,1.1430626E-4,0.014937453,0.0,0.0,0.010513248,0.0
2.25,5.0,0.1812817,0.0076880334,1.092046E-4,0.014437809,0.0,0.0,0.010158352,0.0
2.25,6.0,0.10462996,0.006012083,1.1072171E-4,0.01472747,0.0,0.0,0.010360915,0.0
2.25,7.0,0.08720955,0.0034068986,1.0924994E-4,0.01463242,0.0,0.0,0.010292416,0.0
2.25,8.0,0.114749245,0.008927682,1.1134532E-4,0.014950283,0.0,0.0,0.010515128,0.0
2.25,9.0,0.13344897,0.0018878793,1.0729545E-4,0.014432722,0.0,0.0,0.010150888,0.0
2.25,10.0,0.14329416,0.0029168108,1.1008742E-4,0.014841321,0.0,0.0,0.0104376,0.0
2.25,11.0,0.07963954,0.002775484,1.0952023E-4,0.014777465,0.0,0.0,0.0103926305,0.0
2.25,12.0,0.15643872,0.0028471786,1.09070745E-4,0.014729134,0.0,0.0,0.010358359,0.0
2.25,13.0,0.050057665,0.0030179913,1.12120564E-4,0.015145474,0.0,0.0,0.010651144,0.0
2.25,14.0,0.12557115,0.0040304773,1.0734429E-4,0.014505477,0.0,0.0,0.010201005,0.0
2.25,15.0,0.0,0.0,0.0,0.0,0.0,0.0,0.0,0.0
2.25,16.0,0.0,0.0,0.0,0.0,0.0,0.0,0.0,0.0
2.25,17.0,0.0,0.0,0.0,0.0,0.0,0.0,0.0,0.0
2.25,18.0,0.0,0.0,0.0,0.0,0.0,0.0,0.0,0.0
2.25,19.0,0.0,0.0,0.0,0.0,0.0,0.0,0.0,0.0
2.25,20.0,0.0,0.0,0.0,0.0,0.0,0.0,0.0,0.0
2.25,21.0,0.0,0.0,0.0,0.0,0.0,0.0,0.0,0.0
2.25,22.0,0.0,0.0,0.0,0.0,0.0,0.0,0.0,0.0
2.25,23.0,0.0,0.0,0.0,0.0,0.0,0.0,0.0,0.0
2.25,24.0,0.0,0.0,0.0,0.0,0.0,0.0,0.0,0.0
2.25,25.0,0.0,0.0,0.0,0.0,0.0,0.0,0.0,0.0
2.3333333,0.0,0.0051266444,2.4706011E-8,14.251433,5.9074495E-7,0.0,0.0,4.1957162E-7,0.0
2.3333333,1.0,0.6037086,0.0012521629,1.4781108E-4,0.01706734,0.0,0.0,0.012047963,0.0
2.3333333,2.0,0.066557124,0.012145396,1.0268525E-4,0.013344816,0.0,0.0,0.0093934145,0.0
2.3333333,3.0,0.04985101,0.0017870928,1.1325241E-4,0.014469254,0.0,0.0,0.010189224,0.0
2.3333333,4.0,0.16387008,0.0036242562,1.14354676E-4,0.014957712,0.0,0.0,0.010527569,0.0
2.3333333,5.0,0.17889857,0.0040904516,1.11881134E-4,0.014817884,0.0,0.0,0.010425701,0.0
2.3333333,6.0,0.22265252,0.003149706,1.0861043E-4,0.014446844,0.0,0.0,0.010163529,0.0
2.3333333,7.0,0.15800256,0.003451177,1.10170666E-4,0.014749958,0.0,0.0,0.010374992,0.0
2.3333333,8.0,0.11646483,0.0012653937,1.0831224E-4,0.014549989,0.0,0.0,0.010233654,0.0
2.3333333,9.0,0.16609894,1.9315549E-4,1.1046782E-4,0.014874106,0.0,0.0,0.010461053,0.0
2.3333333,10.0,0.15222314,0.0031171911,1.0957637E-4,0.014764128,0.0,0.0,0.010383396,0.0
2.3333333,11.0,0.15373266,4.3817147E-4,1.07528664E-4,0.01450652,0.0,0.0,0.010201998,0.0
2.3333333,12.0,0.10685072,5.553081E-4,1.1073941E-4,0.014954164,0.0,0.0,0.010516796,0.0
2.3333333,13.0,0.09567107,0.0022181924,1.1042697E-4,0.014919357,0.0,0.0,0.010492074,0.0
2.3333333,14.0,0.14635395,0.0017460738,1.0832471E-4,0.014634361,0.0,0.0,0.010291661,0.0
2.3333333,15.0,0.0,0.0,0.0,0.0,0.0,0.0,0.0,0.0
2.3333333,16.0,0.0,0.0,0.0,0.0,0.0,0.0,0.0,0.0
2.3333333,17.0,0.0,0.0,0.0,0.0,0.0,0.0,0.0,0.0
2.3333333,18.0,0.0,0.0,0.0,0.0,0.0,0.0,0.0,0.0
2.3333333,19.0,0.0,0.0,0.0,0.0,0.0,0.0,0.0,0.0
2.3333333,20.0,0.0,0.0,0.0,0.0,0.0,0.0,0.0,0.0
2.3333333,21.0,0.0,0.0,0.0,0.0,0.0,0.0,0.0,0.0
2.3333333,22.0,0.0,0.0,0.0,0.0,0.0,0.0,0.0,0.0
2.3333333,23.0,0.0,0.0,0.0,0.0,0.0,0.0,0.0,0.0
2.3333333,24.0,0.0,0.0,0.0,0.0,0.0,0.0,0.0,0.0
2.3333333,25.0,0.0,0.0,0.0,0.0,0.0,0.0,0.0,0.0
2.4166667,0.0,0.009114225,0.0,14.257896,8.195E-7,0.0,0.0,5.8269063E-7,0.0
2.4166667,1.0,0.49176252,0.0,1.16352065E-4,0.013977142,0.0,0.0,0.009857891,0.0
2.4166667,2.0,0.03347523,0.002146674,9.578733E-5,0.012558934,0.0,0.0,0.008838328,0.0
2.4166667,3.0,0.05015803,0.0041143163,1.1887161E-4,0.0152857145,0.0,0.0,0.010762391,0.0
2.4166667,4.0,0.18466626,0.0039153597,1.2217292E-4,0.01596663,0.0,0.0,0.011237443,0.0
2.4166667,5.0,0.10767267,0.00389868,1.08949884E-4,0.014434608,0.0,0.0,0.010155788,0.0
2.4166667,6.0,0.070417285,5.8382144E-4,1.0951291E-4,0.014576028,0.0,0.0,0.010254116,0.0
2.4166667,7.0,0.089632705,0.0011800011,1.0598155E-4,0.0141914,0.0,0.0,0.00998212,0.0
2.4166667,8.0,0.059403002,4.537433E-5,1.1232028E-4,0.015090699,0.0,0.0,0.010613918,0.0
2.4166667,9.0,0.07192192,0.0,1.0769049E-4,0.014496761,0.0,0.0,0.010195799,0.0
2.4166667,10.0,0.09620879,0.0013111682,1.0943716E-4,0.014752489,0.0,0.0,0.010375112,0.0
2.4166667,11.0,0.066228665,6.3170504E-4,1.0909517E-4,0.014720538,0.0,0.0,0.010352519,0.0
2.4166667,12.0,0.11385849,5.466662E-4,1.0761236E-4,0.014531568,0.0,0.0,0.010219292,0.0
2.4166667,13.0,0.09386283,0.0,1.078698E-4,0.014568042,0.0,0.0,0.010245066,0.0
2.4166667,14.0,0.07052781,0.0,1.1552375E-4,0.015610946,0.0,0.0,0.010978341,0.0
2.4166667,15.0,0.0,0.0,0.0,0.0,0.0,0.0,0.0,0.0
2.4166667,16.0,0.0,0.0,0.0,0.0,0.0,0.0,0.0,0.0
2.4166667,17.0,0.0,0.0,0.0,0.0,0.0,0.0,0.0,0.0
2.4166667,18.0,0.0,0.0,0.0,0.0,0.0,0.0,0.0,0.0
2.4166667,19.0,0.0,0.0,0.0,0.0,0.0,0.0,0.0,0.0
2.4166667,20.0,0.0,0.0,0.0,0.0,0.0,0.0,0.0,0.0
2.4166667,21.0,0.0,0.0,0.0,0.0,0.0,0.0,0.0,0.0
2.4166667,22.0,0.0,0.0,0.0,0.0,0.0,0.0,0.0,0.0
2.4166667,23.0,0.0,0.0,0.0,0.0,0.0,0.0,0.0,0.0
2.4166667,24.0,0.0,0.0,0.0,0.0,0.0,0.0,0.0,0.0
2.4166667,25.0,0.0,0.0,0.0,0.0,0.0,0.0,0.0,0.0
2.5,0.0,0.00739679,2.116111E-6,14.31122,8.727395E-7,0.0,0.0,6.209518E-7,0.0
2.5,1.0,0.22313097,0.0030097757,1.0857782E-4,0.013420221,0.0,0.0,0.009457917,0.0
2.5,2.0,0.013762252,0.004734223,8.944129E-5,0.011799337,0.0,0.0,0.008302533,0.0
2.5,3.0,0.053342145,0.0092671225,1.1679566E-4,0.015125258,0.0,0.0,0.010647689,0.0
2.5,4.0,0.13773781,0.014214593,1.2521722E-4,0.016407603,0.0,0.0,0.011547094,0.0
2.5,5.0,0.08297796,0.0014452563,1.1330502E-4,0.0150017515,0.0,0.0,0.010555107,0.0
2.5,6.0,0.056364104,0.0026373046,1.14079834E-4,0.015197629,0.0,0.0,0.010691196,0.0
2.5,7.0,0.093346566,0.0020742635,1.08706765E-4,0.014565875,0.0,0.0,0.010245409,0.0
2.5,8.0,0.04404245,0.0010111646,1.0953859E-4,0.014719063,0.0,0.0,0.010352546,0.0
2.5,9.0,0.053803116,0.0010432657,1.1077098E-4,0.014910648,0.0,0.0,0.010486778,0.0
2.5,10.0,0.06132495,6.474056E-4,1.101055E-4,0.014843676,0.0,0.0,0.010439409,0.0
2.5,11.0,0.112701975,0.0,1.0724895E-4,0.0144764995,0.0,0.0,0.01018093,0.0
2.5,12.0,0.08161749,0.0,1.0893661E-4,0.0147012705,0.0,0.0,0.010338883,0.0
2.5,13.0,0.08345903,7.9787866E-4,1.11402034E-4,0.01504618,0.0,0.0,0.010581341,0.0
2.5,14.0,0.10061406,0.0013094537,1.0768568E-4,0.014549444,0.0,0.0,0.010231926,0.0
2.5,15.0,0.0,0.0,0.0,0.0,0.0,0.0,0.0,0.0
2.5,16.0,0.0,0.0,0.0,0.0,0.0,0.0,0.0,0.0
2.5,17.0,0.0,0.0,0.0,0.0,0.0,0.0,0.0,0.0
2.5,18.0,0.0,0.0,0.0,0.0,0.0,0.0,0.0,0.0
2.5,19.0,0.0,0.0,0.0,0.0,0.0,0.0,0.0,0.0
2.5,20.0,0.0,0.0,0.0,0.0,0.0,0.0,0.0,0.0
2.5,21.0,0.0,0.0,0.0,0.0,0.0,0.0,0.0,0.0
2.5,22.0,0.0,0.0,0.0,0.0,0.0,0.0,0.0,0.0
2.5,23.0,0.0,0.0,0.0,0.0,0.0,0.0,0.0,0.0
2.5,24.0,0.0,0.0,0.0,0.0,0.0,0.0,0.0,0.0
2.5,25.0,0.0,0.0,0.0,0.0,0.0,0.0,0.0,0.0
2.5833333,0.0,0.007893026,7.3656443E-6,14.391786,9.20865E-7,0.0,0.0,6.5551643E-7,0.0
2.5833333,1.0,0.13213517,0.0,1.1006619E-4,0.013878497,0.0,0.0,0.009776095,0.0
2.5833333,2.0,0.058499478,0.0,6.162813E-5,0.008166308,0.0,0.0,0.005745653,0.0
2.5833333,3.0,0.066286616,0.011237401,1.2558018E-4,0.016415317,0.0,0.0,0.011553122,0.0
2.5833333,4.0,0.016764153,0.0,9.510638E-6,0.0012460428,0.083827674,0.0,8.768193E-4,0.0
2.5833333,5.0,0.0,0.0,0.0,0.0,0.093365,0.0,0.0,0.0
2.5833333,6.0,0.0,0.0,0.0,0.0,0.08424334,0.0,0.0,0.0
2.5833333,7.0,0.0,0.0,0.0,0.0,0.09019782,0.0,0.0,0.0
2.5833333,8.0,0.0,0.0,0.0,0.0,0.09244867,0.0,0.0,0.0
2.5833333,9.0,0.0,0.0,0.0,0.0,0.08527235,0.0,0.0,0.0
2.5833333,10.0,0.0,0.0,0.0,0.0,0.08928158,0.0,0.0,0.0
2.5833333,11.0,0.0,0.0,0.0,0.0,0.08682069,0.0,0.0,0.0
2.5833333,12.0,0.0,0.0,0.0,0.0,0.08907877,0.0,0.0,0.0
2.5833333,13.0,0.0,0.0,0.0,0.0,0.08659186,0.0,0.0,0.0
2.5833333,14.0,0.0,0.0,0.0,0.0,0.09237257,0.0,0.0,0.0
2.5833333,15.0,0.0,0.0,0.0,0.0,0.0,0.0,0.0,0.0
2.5833333,16.0,0.0,0.0,0.0,0.0,0.0,0.0,0.0,0.0
2.5833333,17.0,0.0,0.0,0.0,0.0,0.0,0.0,0.0,0.0
2.5833333,18.0,0.0,0.0,0.0,0.0,0.0,0.0,0.0,0.0
2.5833333,19.0,0.0,0.0,0.0,0.0,0.0,0.0,0.0,0.0
2.5833333,20.0,0.0,0.0,0.0,0.0,0.0,0.0,0.0,0.0
2.5833333,21.0,0.0,0.0,0.0,0.0,0.0,0.0,0.0,0.0
2.5833333,22.0,0.0,0.0,0.0,0.0,0.0,0.0,0.0,0.0
2.5833333,23.0,0.0,0.0,0.0,0.0,0.0,0.0,0.0,0.0
2.5833333,24.0,0.0,0.0,0.0,0.0,0.0,0.0,0.0,0.0
2.5833333,25.0,0.0,0.0,0.0,0.0,0.0,0.0,0.0,0.0
2.6666667,0.0,0.006895271,8.880181E-6,14.029862,9.319216E-7,0.0,0.0,6.633758E-7,0.0
2.6666667,1.0,0.09341999,0.0013747084,1.0826106E-4,0.013793882,0.0,0.0,0.009714277,0.0
2.6666667,2.0,0.08051863,0.0,5.4183663E-5,0.0072421795,0.0,0.0,0.005094344,0.0
2.6666667,3.0,0.03722573,0.0066414224,1.147209E-4,0.015095594,0.0,0.0,0.01062265,0.0
2.6666667,4.0,3.3903183E-4,0.0,9.2639283E-7,1.1799959E-4,0.08406711,0.0,8.31032E-5,0.0
2.6666667,5.0,0.0,0.0,0.0,0.0,0.0948959,0.0,0.0,0.0
2.6666667,6.0,0.0,0.0,0.0,0.0,0.086586826,0.0,0.0,0.0
2.6666667,7.0,0.0,0.0,0.0,0.0,0.08785429,0.0,0.0,0.0
2.6666667,8.0,0.0,0.0,0.0,0.0,0.08592377,0.0,0.0,0.0
2.6666667,9.0,0.0,0.0,0.0,0.0,0.093025975,0.0,0.0,0.0
2.6666667,10.0,0.0,0.0,0.0,0.0,0.08762132,0.0,0.0,0.0
2.6666667,11.0,0.0,0.0,0.0,0.0,0.0867625,0.0,0.0,0.0
2.6666667,12.0,0.0,0.0,0.0,0.0,0.08978106,0.0,0.0,0.0
2.6666667,13.0,0.0,0.0,0.0,0.0,0.08598342,0.0,0.0,0.0
2.6666667,14.0,0.0,0.0,0.0,0.0,0.08807487,0.0,0.0,0.0
2.6666667,15.0,0.0,0.0,0.0,0.0,0.0,0.0,0.0,0.0
2.6666667,16.0,0.0,0.0,0.0,0.0,0.0,0.0,0.0,0.0
2.6666667,17.0,0.0,0.0,0.0,0.0,0.0,0.0,0.0,0.0
2.6666667,18.0,0.0,0.0,0.0,0.0,0.0,0.0,0.0,0.0
2.6666667,19.0,0.0,0.0,0.0,0.0,0.0,0.0,0.0,0.0
2.6666667,20.0,0.0,0.0,0.0,0.0,0.0,0.0,0.0,0.0
2.6666667,21.0,0.0,0.0,0.0,0.0,0.0,0.0,0.0,0.0
2.6666667,22.0,0.0,0.0,0.0,0.0,0.0,0.0,0.0,0.0
2.6666667,23.0,0.0,0.0,0.0,0.0,0.0,0.0,0.0,0.0
2.6666667,24.0,0.0,0.0,0.0,0.0,0.0,0.0,0.0,0.0
2.6666667,25.0,0.0,0.0,0.0,0.0,0.0,0.0,0.0,0.0
2.75,0.0,0.6556103,1.6558965E-4,7.077806,7.626605E-5,0.0,0.0,5.427998E-5,0.0
2.75,1.0,0.050605267,0.0,1.0832685E-4,0.013945288,0.0,0.0,0.009818439,0.0
2.75,2.0,0.0023900708,0.0,1.0828868E-4,0.014504051,0.0,0.0,0.010201998,0.0
2.75,3.0,0.024126383,0.005020555,1.08304725E-4,0.014297242,0.0,0.0,0.010060122,0.0
2.75,4.0,0.0,0.0,0.0,0.0,0.08749999,0.0,0.0,0.0
2.75,5.0,0.0,0.0,0.0,0.0,0.08750002,0.0,0.0,0.0
2.75,6.0,0.0,0.0,0.0,0.0,0.0875,0.0,0.0,0.0
2.75,7.0,0.0,0.0,0.0,0.0,0.0875,0.0,0.0,0.0
2.75,8.0,0.0,0.0,0.0,0.0,0.0875,0.0,0.0,0.0
2.75,9.0,0.0,0.0,0.0,0.0,0.0875,0.0,0.0,0.0
2.75,10.0,0.0,0.0,0.0,0.0,0.0875,0.0,0.0,0.0
2.75,11.0,0.0,0.0,0.0,0.0,0.0875,0.0,0.0,0.0
2.75,12.0,0.0,0.0,0.0,0.0,0.0875,0.0,0.0,0.0
2.75,13.0,0.0,0.0,0.0,0.0,0.0875,0.0,0.0,0.0
2.75,14.0,0.0,0.0,0.0,0.0,0.0875,0.0,0.0,0.0
2.75,15.0,0.0,0.0,0.0,0.0,0.0,0.0,0.0,0.0
2.75,16.0,0.0,0.0,0.0,0.0,0.0,0.0,0.0,0.0
2.75,17.0,0.0,0.0,0.0,0.0,0.0,0.0,0.0,0.0
2.75,18.0,0.0,0.0,0.0,0.0,0.0,0.0,0.0,0.0
2.75,19.0,0.0,0.0,0.0,0.0,0.0,0.0,0.0,0.0
2.75,20.0,0.0,0.0,0.0,0.0,0.0,0.0,0.0,0.0
2.75,21.0,0.0,0.0,0.0,0.0,0.0,0.0,0.0,0.0
2.75,22.0,0.0,0.0,0.0,0.0,0.0,0.0,0.0,0.0
2.75,23.0,0.0,0.0,0.0,0.0,0.0,0.0,0.0,0.0
2.75,24.0,0.0,0.0,0.0,0.0,0.0,0.0,0.0,0.0
2.75,25.0,0.0,0.0,0.0,0.0,0.0,0.0,0.0,0.0
2.8333333,0.0,2.2212994,0.0041932533,9.750117E-5,3.0564255E-4,0.0,0.0,2.1787865E-4,0.0
2.8333333,1.0,0.09599304,0.0010298035,1.0841053E-4,0.014067498,0.0,0.0,0.009902727,0.0
2.8333333,2.0,0.031072266,0.0,1.0769704E-4,0.014453098,0.0,0.0,0.010165684,0.0
2.8333333,3.0,0.033028148,0.0115932105,1.08306E-4,0.0143352635,0.0,0.0,0.010086239,0.0
2.8333333,4.0,0.05072441,0.13167992,1.08391505E-4,0.014295423,0.0,0.0,0.010058933,0.0
2.8333333,5.0,0.070912085,0.12864542,1.087294E-4,0.014431962,0.0,0.0,0.010153117,0.0
2.8333333,6.0,0.18418247,0.12616909,1.0855933E-4,0.014497961,0.0,0.0,0.010198472,0.0
2.8333333,7.0,0.06557879,0.12829822,1.08339744E-4,0.014526088,0.0,0.0,0.010217266,0.0
2.8333333,8.0,0.11460792,0.13107571,1.0844608E-4,0.014582184,0.0,0.0,0.010256265,0.0
2.8333333,9.0,0.07525071,0.12729988,1.0843409E-4,0.014609808,0.0,0.0,0.010275186,0.0
2.8333333,10.0,0.10121887,0.1284548,1.0842394E-4,0.014623298,0.0,0.0,0.01028426,0.0
2.8333333,11.0,0.1014215,0.1312667,1.08476626E-4,0.014635695,0.0,0.0,0.010292823,0.0
2.8333333,12.0,0.07518432,0.12606467,1.08418244E-4,0.014642263,0.0,0.0,0.010297162,0.0
2.8333333,13.0,0.06753717,0.13329567,1.0854365E-4,0.014665471,0.0,0.0,0.010313627,0.0
2.8333333,14.0,0.07865445,0.12649502,1.0832552E-4,0.014643134,0.0,0.0,0.010297845,0.0
2.8333333,15.0,0.0,0.0,0.0,0.0,0.0,0.0,0.0,0.0
2.8333333,16.0,0.0,0.0,0.0,0.0,0.0,0.0,0.0,0.0
2.8333333,17.0,0.0,0.0,0.0,0.0,0.0,0.0,0.0,0.0
2.8333333,18.0,0.0,0.0,0.0,0.0,0.0,0.0,0.0,0.0
2.8333333,19.0,0.0,0.0,0.0,0.0,0.0,0.0,0.0,0.0
2.8333333,20.0,0.0,0.0,0.0,0.0,0.0,0.0,0.0,0.0
2.8333333,21.0,0.0,0.0,0.0,0.0,0.0,0.0,0.0,0.0
2.8333333,22.0,0.0,0.0,0.0,0.0,0.0,0.0,0.0,0.0
2.8333333,23.0,0.0,0.0,0.0,0.0,0.0,0.0,0.0,0.0
2.8333333,24.0,0.0,0.0,0.0,0.0,0.0,0.0,0.0,0.0
2.8333333,25.0,0.0,0.0,0.0,0.0,0.0,0.0,0.0,0.0
2.9166667,0.0,1.3480895,0.0010996447,9.438385E-5,7.9875544E-4,0.0,0.0,5.7048094E-4,0.0
2.9166667,1.0,0.12152441,0.0013855478,1.0777534E-4,0.014090617,0.0,0.0,0.009916245,0.0
2.9166667,2.0,0.08637546,0.0,1.0836267E-4,0.014551046,0.0,0.0,0.010234347,0.0
2.9166667,3.0,0.04532102,0.019867526,1.0817949E-4,0.014351479,0.0,0.0,0.01009696,0.0
2.9166667,4.0,0.101216815,0.028786927,1.07909254E-4,0.014279092,0.0,0.0,0.010046956,0.0
2.9166667,5.0,0.056857526,0.022654643,1.083567E-4,0.014422412,0.0,0.0,0.010145979,0.0
2.9166667,6.0,0.08379869,0.01652746,1.0830625E-4,0.014482466,0.0,0.0,0.010187447,0.0
2.9166667,7.0,0.08322633,0.012220061,1.0868196E-4,0.014581533,0.0,0.0,0.010256127,0.0
2.9166667,8.0,0.06540552,0.008428343,1.0825568E-4,0.014563269,0.0,0.0,0.01024274,0.0
2.9166667,9.0,0.033712175,0.0029094492,1.08314955E-4,0.014591706,0.0,0.0,0.010262337,0.0
2.9166667,10.0,0.09705187,0.0012770665,1.081333E-4,0.014586574,0.0,0.0,0.010258496,0.0
2.9166667,11.0,0.062186506,0.0054654935,1.0833464E-4,0.014625703,0.0,0.0,0.010285798,0.0
2.9166667,12.0,0.063150056,0.0039989203,1.08339256E-4,0.014632738,0.0,0.0,0.010290541,0.0
2.9166667,13.0,0.059949093,0.0052838037,1.0838902E-4,0.014643286,0.0,0.0,0.010298006,0.0
2.9166667,14.0,0.06739255,0.0029863294,1.08694025E-4,0.014684927,0.0,0.0,0.010327176,0.0
2.9166667,15.0,0.0,0.0,0.0,0.0,0.0,0.0,0.0,0.0
2.9166667,16.0,0.0,0.0,0.0,0.0,0.0,0.0,0.0,0.0
2.9166667,17.0,0.0,0.0,0.0,0.0,0.0,0.0,0.0,0.0
2.9166667,18.0,0.0,0.0,0.0,0.0,0.0,0.0,0.0,0.0
2.9166667,19.0,0.0,0.0,0.0,0.0,0.0,0.0,0.0,0.0
2.9166667,20.0,0.0,0.0,0.0,0.0,0.0,0.0,0.0,0.0
2.9166667,21.0,0.0,0.0,0.0,0.0,0.0,0.0,0.0,0.0
2.9166667,22.0,0.0,0.0,0.0,0.0,0.0,0.0,0.0,0.0
2.9166667,23.0,0.0,0.0,0.0,0.0,0.0,0.0,0.0,0.0
2.9166667,24.0,0.0,0.0,0.0,0.0,0.0,0.0,0.0,0.0
2.9166667,25.0,0.0,0.0,0.0,0.0,0.0,0.0,0.0,0.0
3.0,0.0,1.9022522,0.019035975,1.0835781E-4,0.0019776332,0.0,0.0,0.0014113913,0.0
3.0,1.0,0.12386689,0.018605988,1.0784788E-4,0.014221324,0.0,0.0,0.010006706,0.0
3.0,2.0,0.004639265,0.0,1.0827669E-4,0.014575991,0.0,0.0,0.010251711,0.0
3.0,3.0,0.038695663,0.020395841,1.0829811E-4,0.014398858,0.0,0.0,0.010129855,0.0
3.0,4.0,0.09339374,0.014086768,1.0824482E-4,0.014356363,0.0,0.0,0.010100494,0.0
3.0,5.0,0.05019127,0.023208363,1.0823317E-4,0.014421408,0.0,0.0,0.010145051,0.0
3.0,6.0,0.082231075,0.010145952,1.08316824E-4,0.014495787,0.0,0.0,0.010196521,0.0
3.0,7.0,0.12638456,0.009972393,1.0864179E-4,0.014571818,0.0,0.0,0.010249254,0.0
3.0,8.0,0.11242344,0.0015617494,1.0877356E-4,0.014635638,0.0,0.0,0.010293585,0.0
3.0,9.0,0.088468365,0.013572018,1.08362256E-4,0.014598677,0.0,0.0,0.0102671515,0.0
3.0,10.0,0.11861783,0.0059219045,1.0842745E-4,0.0146325,0.0,0.0,0.010290488,0.0
3.0,11.0,0.07993245,0.0038760176,1.08270244E-4,0.014622855,0.0,0.0,0.010283698,0.0
3.0,12.0,0.07891144,0.008680149,1.0879894E-4,0.01468426,0.0,0.0,0.01032688,0.0
3.0,13.0,0.10082899,0.0014578197,1.084539E-4,0.014652861,0.0,0.0,0.010304649,0.0
3.0,14.0,0.09645142,0.013235935,1.085067E-4,0.01466113,0.0,0.0,0.010310329,0.0
3.0,15.0,0.0,0.0,0.0,0.0,0.0,0.0,0.0,0.0
3.0,16.0,0.0,0.0,0.0,0.0,0.0,0.0,0.0,0.0
3.0,17.0,0.0,0.0,0.0,0.0,0.0,0.0,0.0,0.0
3.0,18.0,0.0,0.0,0.0,0.0,0.0,0.0,0.0,0.0
3.0,19.0,0.0,0.0,0.0,0.0,0.0,0.0,0.0,0.0
3.0,20.0,0.0,0.0,0.0,0.0,0.0,0.0,0.0,0.0
3.0,21.0,0.0,0.0,0.0,0.0,0.0,0.0,0.0,0.0
3.0,22.0,0.0,0.0,0.0,0.0,0.0,0.0,0.0,0.0
3.0,23.0,0.0,0.0,0.0,0.0,0.0,0.0,0.0,0.0
3.0,24.0,0.0,0.0,0.0,0.0,0.0,0.0,0.0,0.0
3.0,25.0,0.0,0.0,0.0,0.0,0.0,0.0,0.0,0.0
3.0833333,0.0,0.9306962,0.01952311,1.0872913E-4,0.008143636,0.0,0.0,0.005623394,0.0
3.0833333,1.0,0.34368956,0.009897699,1.0229832E-4,0.017924145,0.0,0.0,0.012272453,0.0
3.0833333,2.0,0.015433492,0.011171096,1.0825818E-4,0.019369498,0.0,0.0,0.013259544,0.0
3.0833333,3.0,0.06848262,0.013340128,1.0821822E-4,0.019130288,0.0,0.0,0.013097433,0.0
3.0833333,4.0,0.15936537,0.009219411,1.0764719E-4,0.018985556,0.0,0.0,0.012998521,0.0
3.0833333,5.0,0.12653528,0.01767744,1.0830034E-4,0.019185584,0.0,0.0,0.013134539,0.0
3.0833333,6.0,0.11401979,0.0111807855,1.0824841E-4,0.019239083,0.0,0.0,0.0131709445,0.0
3.0833333,7.0,0.19528842,0.005350705,1.08092085E-4,0.01926344,0.0,0.0,0.013187278,0.0
3.0833333,8.0,0.14079003,0.0024941175,1.0812289E-4,0.019322602,0.0,0.0,0.013227484,0.0
3.0833333,9.0,0.20345764,0.008088685,1.0859058E-4,0.019434951,0.0,0.0,0.013304258,0.0
3.0833333,10.0,0.0963576,0.009768734,1.08329274E-4,0.019411854,0.0,0.0,0.013288357,0.0
3.0833333,11.0,0.08880847,0.002952118,1.08392174E-4,0.019427713,0.0,0.0,0.013299041,0.0
3.0833333,12.0,0.14651893,0.008509638,1.0838589E-4,0.019430775,0.0,0.0,0.0133013725,0.0
3.0833333,13.0,0.08426716,0.002974931,1.08318214E-4,0.019436661,0.0,0.0,0.013305264,0.0
3.0833333,14.0,0.13994075,0.00425085,1.0815556E-4,0.019406851,0.0,0.0,0.013284743,0.0
3.0833333,15.0,0.0,0.0,0.0,0.0,0.0,0.0,0.0,0.0
3.0833333,16.0,0.0,0.0,0.0,0.0,0.0,0.0,0.0,0.0
3.0833333,17.0,0.0,0.0,0.0,0.0,0.0,0.0,0.0,0.0
3.0833333,18.0,0.0,0.0,0.0,0.0,0.0,0.0,0.0,0.0
3.0833333,19.0,0.0,0.0,0.0,0.0,0.0,0.0,0.0,0.0
3.0833333,20.0,0.0,0.0,0.0,0.0,0.0,0.0,0.0,0.0
3.0833333,21.0,0.0,0.0,0.0,0.0,0.0,0.0,0.0,0.0
3.0833333,22.0,0.0,0.0,0.0,0.0,0.0,0.0,0.0,0.0
3.0833333,23.0,0.0,0.0,0.0,0.0,0.0,0.0,0.0,0.0
3.0833333,24.0,0.0,0.0,0.0,0.0,0.0,0.0,0.0,0.0
3.0833333,25.0,0.0,0.0,0.0,0.0,0.0,0.0,0.0,0.0
3.1666667,0.0,0.5372716,0.0,1.0489409E-4,0.012139831,0.0,0.0,0.008358936,0.0
3.1666667,1.0,0.019770423,8.408513E-4,1.0831452E-4,0.01905509,0.0,0.0,0.013046622,0.0
3.1666667,2.0,0.009232871,0.0,1.0827582E-4,0.019388597,0.0,0.0,0.013272443,0.0
3.1666667,3.0,0.04162468,0.008390528,1.07252425E-4,0.01899507,0.0,0.0,0.013004534,0.0
3.1666667,4.0,0.10404091,0.010921527,1.1099256E-4,0.01963455,0.0,0.0,0.013442413,0.0
3.1666667,5.0,0.18858208,0.010435229,1.14900686E-4,0.020379284,0.0,0.0,0.013951833,0.0
3.1666667,6.0,0.12566684,0.004821327,1.04639796E-4,0.01861679,0.0,0.0,0.012744844,0.0
3.1666667,7.0,0.06926402,0.0048411395,1.0965018E-4,0.019556459,0.0,0.0,0.013387715,0.0
3.1666667,8.0,0.105727345,0.0021787935,1.0691356E-4,0.019111441,0.0,0.0,0.013082935,0.0
3.1666667,9.0,0.23610218,0.0012386943,1.15842755E-4,0.02072893,0.0,0.0,0.014190156,0.0
3.1666667,10.0,0.15732688,0.0024028965,1.0840321E-4,0.019432705,0.0,0.0,0.01330268,0.0
3.1666667,11.0,0.18797062,0.009440943,1.07593056E-4,0.019287465,0.0,0.0,0.013203543,0.0
3.1666667,12.0,0.0817353,0.007741755,1.1244268E-4,0.020171903,0.0,0.0,0.013808545,0.0
3.1666667,13.0,0.067916505,0.0028314684,1.06547435E-4,0.019124206,0.0,0.0,0.013091375,0.0
3.1666667,14.0,0.12902662,0.0067516034,1.094715E-4,0.019636884,0.0,0.0,0.013442084,0.0
3.1666667,15.0,0.0,0.0,0.0,0.0,0.0,0.0,0.0,0.0
3.1666667,16.0,0.0,0.0,0.0,0.0,0.0,0.0,0.0,0.0
3.1666667,17.0,0.0,0.0,0.0,0.0,0.0,0.0,0.0,0.0
3.1666667,18.0,0.0,0.0,0.0,0.0,0.0,0.0,0.0,0.0
3.1666667,19.0,0.0,0.0,0.0,0.0,0.0,0.0,0.0,0.0
3.1666667,20.0,0.0,0.0,0.0,0.0,0.0,0.0,0.0,0.0
3.1666667,21.0,0.0,0.0,0.0,0.0,0.0,0.0,0.0,0.0
3.1666667,22.0,0.0,0.0,0.0,0.0,0.0,0.0,0.0,0.0
3.1666667,23.0,0.0,0.0,0.0,0.0,0.0,0.0,0.0,0.0
3.1666667,24.0,0.0,0.0,0.0,0.0,0.0,0.0,0.0,0.0
3.1666667,25.0,0.0,0.0,0.0,0.0,0.0,0.0,0.0,0.0
3.25,0.0,0.18404655,1.4687159E-8,7.6180654,0.007443285,0.0,0.0,0.0051159905,0.0
3.25,1.0,0.015221563,2.6569527E-4,1.1041245E-4,0.01893949,0.0,0.0,0.012971718,0.0
3.25,2.0,NaN,NaN,NaN,NaN,NaN,NaN,NaN,NaN
3.25,3.0,0.022512972,0.003575431,9.3188464E-5,0.016564535,0.0,0.0,0.011340136,0.0
3.25,4.0,0.22804292,0.00735079,1.8278576E-4,0.032231633,0.0,0.0,0.022067403,0.0
3.25,5.0,0.37379438,0.0039904965,1.19465396E-4,0.021187285,0.0,0.0,0.014504963,0.0
3.25,6.0,0.15524252,0.0036705595,1.10728426E-4,0.01971473,0.0,0.0,0.0134965535,0.0
3.25,7.0,0.12729433,0.0022804271,1.0989566E-4,0.019592697,0.0,0.0,0.0134126935,0.0
3.25,8.0,0.14973173,0.0027432067,1.0202098E-4,0.018208504,0.0,0.0,0.012464723,0.0
3.25,9.0,0.14934444,1.098315E-4,1.1376211E-4,0.020346636,0.0,0.0,0.01392836,0.0
3.25,10.0,0.13032514,0.0015500362,1.11114394E-4,0.019913811,0.0,0.0,0.013631868,0.0
3.25,11.0,0.17807086,0.0022162755,1.0693388E-4,0.019166017,0.0,0.0,0.013119885,0.0
3.25,12.0,0.21385525,0.0013726056,1.1009791E-4,0.01975388,0.0,0.0,0.013522225,0.0
3.25,13.0,0.15779878,0.005209999,1.02356935E-4,0.018359158,0.0,0.0,0.012567524,0.0
3.25,14.0,0.2135576,0.001766457,1.1916892E-4,0.021376932,0.0,0.0,0.014633234,0.0
3.25,15.0,0.0,0.0,0.0,0.0,0.0,0.0,0.0,0.0
3.25,16.0,0.0,0.0,0.0,0.0,0.0,0.0,0.0,0.0
3.25,17.0,0.0,0.0,0.0,0.0,0.0,0.0,0.0,0.0
3.25,18.0,0.0,0.0,0.0,0.0,0.0,0.0,0.0,0.0
3.25,19.0,0.0,0.0,0.0,0.0,0.0,0.0,0.0,0.0
3.25,20.0,0.0,0.0,0.0,0.0,0.0,0.0,0.0,0.0
3.25,21.0,0.0,0.0,0.0,0.0,0.0,0.0,0.0,0.0
3.25,22.0,0.0,0.0,0.0,0.0,0.0,0.0,0.0,0.0
3.25,23.0,0.0,0.0,0.0,0.0,0.0,0.0,0.0,0.0
3.25,24.0,0.0,0.0,0.0,0.0,0.0,0.0,0.0,0.0
3.25,25.0,0.0,0.0,0.0,0.0,0.0,0.0,0.0,0.0
3.3333333,0.0,0.0058151227,0.0,14.511647,6.7702763E-7,0.0,0.0,4.7139903E-7,0.0
3.3333333,1.0,0.0039050633,1.0186838E-4,6.235368E-5,0.010387166,0.0,0.0,0.007117129,0.0
3.3333333,2.0,0.37321013,0.0,6.1958417E-4,0.10949805,0.0,0.0,0.07496457,0.0
3.3333333,3.0,0.039652128,0.01071921,1.02907405E-4,0.018328134,0.0,0.0,0.012547303,0.0
3.3333333,4.0,0.16740823,0.011538937,1.1584261E-4,0.020475717,0.0,0.0,0.014018507,0.0
3.3333333,5.0,0.38964307,4.1282692E-4,1.2783479E-4,0.022684826,0.0,0.0,0.015529957,0.0
3.3333333,6.0,0.09295371,7.70836E-4,1.1061051E-4,0.019708259,0.0,0.0,0.013491992,0.0
3.3333333,7.0,0.13375805,0.003990863,1.0231602E-4,0.018245747,0.0,0.0,0.012490338,0.0
3.3333333,8.0,0.12212314,0.0025626607,1.0992064E-4,0.019656679,0.0,0.0,0.013456023,0.0
3.3333333,9.0,0.14219488,0.0,1.09911685E-4,0.01967051,0.0,0.0,0.013465369,0.0
3.3333333,10.0,0.16335279,3.641825E-4,1.05008E-4,0.018822102,0.0,0.0,0.012884374,0.0
3.3333333,11.0,0.18900087,0.0018515777,1.1661583E-4,0.020919243,0.0,0.0,0.014320117,0.0
3.3333333,12.0,0.19073418,0.0021626581,1.0886684E-4,0.019533888,0.0,0.0,0.013371641,0.0
3.3333333,13.0,0.23025851,5.350587E-4,1.0514339E-4,0.01888344,0.0,0.0,0.012926419,0.0
3.3333333,14.0,0.21717113,3.1676094E-4,1.0901749E-4,0.019571692,0.0,0.0,0.013397546,0.0
3.3333333,15.0,0.0,0.0,0.0,0.0,0.0,0.0,0.0,0.0
3.3333333,16.0,0.0,0.0,0.0,0.0,0.0,0.0,0.0,0.0
3.3333333,17.0,0.0,0.0,0.0,0.0,0.0,0.0,0.0,0.0
3.3333333,18.0,0.0,0.0,0.0,0.0,0.0,0.0,0.0,0.0
3.3333333,19.0,0.0,0.0,0.0,0.0,0.0,0.0,0.0,0.0
3.3333333,20.0,0.0,0.0,0.0,0.0,0.0,0.0,0.0,0.0
3.3333333,21.0,0.0,0.0,0.0,0.0,0.0,0.0,0.0,0.0
3.3333333,22.0,0.0,0.0,0.0,0.0,0.0,0.0,0.0,0.0
3.3333333,23.0,0.0,0.0,0.0,0.0,0.0,0.0,0.0,0.0
3.3333333,24.0,0.0,0.0,0.0,0.0,0.0,0.0,0.0,0.0
3.3333333,25.0,0.0,0.0,0.0,0.0,0.0,0.0,0.0,0.0
3.4166667,0.0,0.0070191245,3.3933998E-6,14.11389,1.0436485E-6,0.0,0.0,7.2670815E-7,0.0
3.4166667,1.0,0.009745795,0.0,1.0746487E-4,0.017892808,0.0,0.0,0.01226006,0.0
3.4166667,2.0,0.011542774,0.0,1.0878042E-4,0.019265266,0.0,0.0,0.013189477,0.0
3.4166667,3.0,0.010571671,0.020990543,1.0081407E-4,0.018009327,0.0,0.0,0.012328361,0.0
3.4166667,4.0,0.13306087,0.0076898476,1.2013807E-4,0.021280497,0.0,0.0,0.014569117,0.0
3.4166667,5.0,0.055613063,0.0,1.1235678E-4,0.019934358,0.0,0.0,0.013647134,0.0
3.4166667,6.0,0.123466134,0.0011169073,1.0893267E-4,0.019417258,0.0,0.0,0.013292743,0.0
3.4166667,7.0,0.041423712,1.8621745E-4,1.0992302E-4,0.019609854,0.0,0.0,0.013424279,0.0
3.4166667,8.0,0.053114645,0.0,1.06678286E-4,0.019067978,0.0,0.0,0.013053129,0.0
3.4166667,9.0,0.14356306,0.0,1.1337533E-4,0.020291105,0.0,0.0,0.013890477,0.0
3.4166667,10.0,0.060030922,5.0606456E-4,1.0999356E-4,0.019708434,0.0,0.0,0.013491333,0.0
3.4166667,11.0,0.27858013,0.0,1.0495069E-4,0.018818509,0.0,0.0,0.012882188,0.0
3.4166667,12.0,0.2111002,0.0,1.1195586E-4,0.020100445,0.0,0.0,0.013759934,0.0
3.4166667,13.0,0.09737414,0.0,1.0190739E-4,0.018290218,0.0,0.0,0.012520382,0.0
3.4166667,14.0,0.10849786,0.0,1.1485001E-4,0.020607043,0.0,0.0,0.01410638,0.0
3.4166667,15.0,0.0,0.0,0.0,0.0,0.0,0.0,0.0,0.0
3.4166667,16.0,0.0,0.0,0.0,0.0,0.0,0.0,0.0,0.0
3.4166667,17.0,0.0,0.0,0.0,0.0,0.0,0.0,0.0,0.0
3.4166667,18.0,0.0,0.0,0.0,0.0,0.0,0.0,0.0,0.0
3.4166667,19.0,0.0,0.0,0.0,0.0,0.0,0.0,0.0,0.0
3.4166667,20.0,0.0,0.0,0.0,0.0,0.0,0.0,0.0,0.0
3.4166667,21.0,0.0,0.0,0.0,0.0,0.0,0.0,0.0,0.0
3.4166667,22.0,0.0,0.0,0.0,0.0,0.0,0.0,0.0,0.0
3.4166667,23.0,0.0,0.0,0.0,0.0,0.0,0.0,0.0,0.0
3.4166667,24.0,0.0,0.0,0.0,0.0,0.0,0.0,0.0,0.0
3.4166667,25.0,0.0,0.0,0.0,0.0,0.0,0.0,0.0,0.0
3.5,0.0,0.008061239,0.0,13.896627,1.3405214E-6,0.0,0.0,9.3344096E-7,0.0
3.5,1.0,0.03740251,0.0,1.0795722E-4,0.01821537,0.0,0.0,0.012478451,0.0
3.5,2.0,0.007672003,0.0,1.0566176E-4,0.018751968,0.0,0.0,0.01283766,0.0
3.5,3.0,0.012010225,0.003061504,8.800064E-5,0.015742939,0.0,0.0,0.010777013,0.0
3.5,4.0,0.08976962,0.0,1.2886245E-4,0.022895498,0.0,0.0,0.015674327,0.0
3.5,5.0,0.17058566,0.0,1.3700497E-4,0.024373464,0.0,0.0,0.016685698,0.0
3.5,6.0,0.032462057,0.0,9.8768156E-5,0.017590951,0.0,0.0,0.012042449,0.0
3.5,7.0,0.08230083,0.0,1.1930222E-4,0.021287333,0.0,0.0,0.014572523,0.0
3.5,8.0,0.061720703,0.0,1.1098942E-4,0.019845251,0.0,0.0,0.013585191,0.0
3.5,9.0,0.044164315,0.0,1.0759308E-4,0.019260237,0.0,0.0,0.0131846,0.0
3.5,10.0,0.10570589,0.0,1.0471413E-4,0.0187644,0.0,0.0,0.012845083,0.0
3.5,11.0,0.11125803,0.0,1.2050226E-4,0.021622483,0.0,0.0,0.014801481,0.0
3.5,12.0,0.10097825,0.0,1.0060813E-4,0.018054431,0.0,0.0,0.012359047,0.0
3.5,13.0,0.08119391,0.0,1.164094E-4,0.020890968,0.0,0.0,0.014300665,0.0
3.5,14.0,0.08357208,0.0,1.10348075E-4,0.019796224,0.0,0.0,0.013551338,0.0
3.5,15.0,0.0,0.0,0.0,0.0,0.0,0.0,0.0,0.0
3.5,16.0,0.0,0.0,0.0,0.0,0.0,0.0,0.0,0.0
3.5,17.0,0.0,0.0,0.0,0.0,0.0,0.0,0.0,0.0
3.5,18.0,0.0,0.0,0.0,0.0,0.0,0.0,0.0,0.0
3.5,19.0,0.0,0.0,0.0,0.0,0.0,0.0,0.0,0.0
3.5,20.0,0.0,0.0,0.0,0.0,0.0,0.0,0.0,0.0
3.5,21.0,0.0,0.0,0.0,0.0,0.0,0.0,0.0,0.0
3.5,22.0,0.0,0.0,0.0,0.0,0.0,0.0,0.0,0.0
3.5,23.0,0.0,0.0,0.0,0.0,0.0,0.0,0.0,0.0
3.5,24.0,0.0,0.0,0.0,0.0,0.0,0.0,0.0,0.0
3.5,25.0,0.0,0.0,0.0,0.0,0.0,0.0,0.0,0.0
3.5833333,0.0,0.0077714394,3.3307715E-6,13.9433,1.3867062E-6,0.0,0.0,9.656071E-7,0.0
3.5833333,1.0,0.0015226058,0.0,1.0032674E-4,0.01693821,0.0,0.0,0.011603658,0.0
3.5833333,2.0,0.022902578,0.006620885,1.1274358E-4,0.020056978,0.0,0.0,0.01373067,0.0
3.5833333,3.0,0.003981257,0.010597288,4.51044E-5,0.008075421,0.0,0.0,0.005528049,0.0
3.5833333,4.0,0.0028027596,7.091567E-4,3.1176485E-5,0.005577172,0.08754417,0.0,0.0038179038,0.0
3.5833333,5.0,0.0,0.0,0.0,0.0,0.08757098,0.0,0.0,0.0
3.5833333,6.0,0.0,0.0,0.0,0.0,0.0877689,0.0,0.0,0.0
3.5833333,7.0,0.0,0.0,0.0,0.0,0.0838552,0.0,0.0,0.0
3.5833333,8.0,0.0,0.0,0.0,0.0,0.08843546,0.0,0.0,0.0
3.5833333,9.0,0.0,0.0,0.0,0.0,0.09460315,0.0,0.0,0.0
3.5833333,10.0,0.0,0.0,0.0,0.0,0.08568791,0.0,0.0,0.0
3.5833333,11.0,0.0,0.0,0.0,0.0,0.08851043,0.0,0.0,0.0
3.5833333,12.0,0.0,0.0,0.0,0.0,0.085145324,0.0,0.0,0.0
3.5833333,13.0,0.0,0.0,0.0,0.0,0.08723378,0.0,0.0,0.0
3.5833333,14.0,0.0,0.0,0.0,0.0,0.087860145,0.0,0.0,0.0
3.5833333,15.0,0.0,0.0,0.0,0.0,0.0,0.0,0.0,0.0
3.5833333,16.0,0.0,0.0,0.0,0.0,0.0,0.0,0.0,0.0
3.5833333,17.0,0.0,0.0,0.0,0.0,0.0,0.0,0.0,0.0
3.5833333,18.0,0.0,0.0,0.0,0.0,0.0,0.0,0.0,0.0
3.5833333,19.0,0.0,0.0,0.0,0.0,0.0,0.0,0.0,0.0
3.5833333,20.0,0.0,0.0,0.0,0.0,0.0,0.0,0.0,0.0
3.5833333,21.0,0.0,0.0,0.0,0.0,0.0,0.0,0.0,0.0
3.5833333,22.0,0.0,0.0,0.0,0.0,0.0,0.0,0.0,0.0
3.5833333,23.0,0.0,0.0,0.0,0.0,0.0,0.0,0.0,0.0
3.5833333,24.0,0.0,0.0,0.0,0.0,0.0,0.0,0.0,0.0
3.5833333,25.0,0.0,0.0,0.0,0.0,0.0,0.0,0.0,0.0
3.6666667,0.0,0.00796798,5.3332442E-8,14.102646,1.3447903E-6,0.0,0.0,9.3639056E-7,0.0
3.6666667,1.0,0.0012998484,0.0,1.08250446E-4,0.018481389,0.0,0.0,0.012657982,0.0
3.6666667,2.0,0.058865678,0.0,1.08250875E-4,0.01929084,0.0,0.0,0.013206215,0.0
3.6666667,3.0,0.09659655,0.0,5.4863136E-5,0.009869479,0.0,0.0,0.0067567313,0.0
3.6666667,4.0,7.4594886E-5,0.0,2.8747959E-6,5.15296E-4,0.087468736,0.0,3.5274494E-4,0.0
3.6666667,5.0,0.0,0.0,0.0,0.0,0.08179685,0.0,0.0,0.0
3.6666667,6.0,0.0,0.0,0.0,0.0,0.1061555,0.0,0.0,0.0
3.6666667,7.0,0.0,0.0,0.0,0.0,0.08484276,0.0,0.0,0.0
3.6666667,8.0,0.0,0.0,0.0,0.0,0.08907411,0.0,0.0,0.0
3.6666667,9.0,0.0,0.0,0.0,0.0,0.08932635,0.0,0.0,0.0
3.6666667,10.0,0.0,0.0,0.0,0.0,0.08634433,0.0,0.0,0.0
3.6666667,11.0,0.0,0.0,0.0,0.0,0.092732854,0.0,0.0,0.0
3.6666667,12.0,0.0,0.0,0.0,0.0,0.0851393,0.0,0.0,0.0
3.6666667,13.0,0.0,0.0,0.0,0.0,0.09043428,0.0,0.0,0.0
3.6666667,14.0,0.0,0.0,0.0,0.0,0.08766831,0.0,0.0,0.0
3.6666667,15.0,0.0,0.0,0.0,0.0,0.0,0.0,0.0,0.0
3.6666667,16.0,0.0,0.0,0.0,0.0,0.0,0.0,0.0,0.0
3.6666667,17.0,0.0,0.0,0.0,0.0,0.0,0.0,0.0,0.0
3.6666667,18.0,0.0,0.0,0.0,0.0,0.0,0.0,0.0,0.0
3.6666667,19.0,0.0,0.0,0.0,0.0,0.0,0.0,0.0,0.0
3.6666667,20.0,0.0,0.0,0.0,0.0,0.0,0.0,0.0,0.0
3.6666667,21.0,0.0,0.0,0.0,0.0,0.0,0.0,0.0,0.0
3.6666667,22.0,0.0,0.0,0.0,0.0,0.0,0.0,0.0,0.0
3.6666667,23.0,0.0,0.0,0.0,0.0,0.0,0.0,0.0,0.0
3.6666667,24.0,0.0,0.0,0.0,0.0,0.0,0.0,0.0,0.0
3.6666667,25.0,0.0,0.0,0.0,0.0,0.0,0.0,0.0,0.0
3.75,0.0,0.8871726,3.3650673E-7,7.019275,1.2385422E-4,0.0,0.0,8.6217005E-5,0.0
3.75,1.0,0.009041295,0.0,1.0831414E-4,0.01865508,0.0,0.0,0.012776107,0.0
3.75,2.0,0.010568665,7.635596E-4,1.08275395E-4,0.019318797,0.0,0.0,0.013225201,0.0
3.75,3.0,0.31213257,0.0,1.0500876E-4,0.018784717,0.0,0.0,0.012858571,0.0
3.75,4.0,0.0,0.0,0.0,0.0,0.0875,0.0,0.0,0.0
3.75,5.0,0.0,0.0,0.0,0.0,0.0875,0.0,0.0,0.0
3.75,6.0,0.0,0.0,0.0,0.0,0.0875,0.0,0.0,0.0
3.75,7.0,0.0,0.0,0.0,0.0,0.0875,0.0,0.0,0.0
3.75,8.0,0.0,0.0,0.0,0.0,0.0875,0.0,0.0,0.0
3.75,9.0,0.0,0.0,0.0,0.0,0.0875,0.0,0.0,0.0
3.75,10.0,0.0,0.0,0.0,0.0,0.0875,0.0,0.0,0.0
3.75,11.0,0.0,0.0,0.0,0.0,0.0875,0.0,0.0,0.0
3.75,12.0,0.0,0.0,0.0,0.0,0.0875,0.0,0.0,0.0
3.75,13.0,0.0,0.0,0.0,0.0,0.0875,0.0,0.0,0.0
3.75,14.0,0.0,0.0,0.0,0.0,0.0875,0.0,0.0,0.0
3.75,15.0,0.0,0.0,0.0,0.0,0.0,0.0,0.0,0.0
3.75,16.0,0.0,0.0,0.0,0.0,0.0,0.0,0.0,0.0
3.75,17.0,0.0,0.0,0.0,0.0,0.0,0.0,0.0,0.0
3.75,18.0,0.0,0.0,0.0,0.0,0.0,0.0,0.0,0.0
3.75,19.0,0.0,0.0,0.0,0.0,0.0,0.0,0.0,0.0
3.75,20.0,0.0,0.0,0.0,0.0,0.0,0.0,0.0,0.0
3.75,21.0,0.0,0.0,0.0,0.0,0.0,0.0,0.0,0.0
3.75,22.0,0.0,0.0,0.0,0.0,0.0,0.0,0.0,0.0
3.75,23.0,0.0,0.0,0.0,0.0,0.0,0.0,0.0,0.0
3.75,24.0,0.0,0.0,0.0,0.0,0.0,0.0,0.0,0.0
3.75,25.0,0.0,0.0,0.0,0.0,0.0,0.0,0.0,0.0
3.8333333,0.0,1.9226686,8.688603E-4,1.03889E-4,4.5091507E-4,0.0,0.0,3.1384846E-4,0.0
3.8333333,1.0,0.001485756,0.0,1.08321576E-4,0.018799402,0.0,0.0,0.012873302,0.0
3.8333333,2.0,0.019715184,5.781124E-4,1.0853485E-4,0.019378906,0.0,0.0,0.013266095,0.0
3.8333333,3.0,0.016441425,0.0,1.0831163E-4,0.019465072,0.0,0.0,0.013324307,0.0
3.8333333,4.0,0.14711545,0.1375404,1.08500026E-4,0.019390304,0.0,0.0,0.013273891,0.0
3.8333333,5.0,0.11681726,0.12627958,1.0808978E-4,0.019289734,0.0,0.0,0.013206009,0.0
3.8333333,6.0,0.17798182,0.13424213,1.0749754E-4,0.019177139,0.0,0.0,0.013128888,0.0
3.8333333,7.0,0.13783747,0.12478257,1.0827422E-4,0.019340595,0.0,0.0,0.01323979,0.0
3.8333333,8.0,0.078303605,0.12835154,1.08019834E-4,0.01933891,0.0,0.0,0.01323878,0.0
3.8333333,9.0,0.182774,0.12595831,1.09108325E-4,0.019540828,0.0,0.0,0.013376617,0.0
3.8333333,10.0,0.20100829,0.12550163,1.0849259E-4,0.019430475,0.0,0.0,0.013301192,0.0
3.8333333,11.0,0.23115392,0.12514862,1.0789033E-4,0.019364903,0.0,0.0,0.013255189,0.0
3.8333333,12.0,0.14464732,0.12610851,1.09045766E-4,0.019575108,0.0,0.0,0.013400282,0.0
3.8333333,13.0,0.13243201,0.1258154,1.0764451E-4,0.01933345,0.0,0.0,0.013234668,0.0
3.8333333,14.0,0.049612146,0.12503597,1.08379245E-4,0.019467847,0.0,0.0,0.013326507,0.0
3.8333333,15.0,0.0,0.0,0.0,0.0,0.0,0.0,0.0,0.0
3.8333333,16.0,0.0,0.0,0.0,0.0,0.0,0.0,0.0,0.0
3.8333333,17.0,0.0,0.0,0.0,0.0,0.0,0.0,0.0,0.0
3.8333333,18.0,0.0,0.0,0.0,0.0,0.0,0.0,0.0,0.0
3.8333333,19.0,0.0,0.0,0.0,0.0,0.0,0.0,0.0,0.0
3.8333333,20.0,0.0,0.0,0.0,0.0,0.0,0.0,0.0,0.0
3.8333333,21.0,0.0,0.0,0.0,0.0,0.0,0.0,0.0,0.0
3.8333333,22.0,0.0,0.0,0.0,0.0,0.0,0.0,0.0,0.0
3.8333333,23.0,0.0,0.0,0.0,0.0,0.0,0.0,0.0,0.0
3.8333333,24.0,0.0,0.0,0.0,0.0,0.0,0.0,0.0,0.0
3.8333333,25.0,0.0,0.0,0.0,0.0,0.0,0.0,0.0,0.0
3.9166667,0.0,1.2941744,0.0,1.03596576E-4,8.1598735E-4,0.0,0.0,5.678804E-4,0.0
3.9166667,1.0,0.24390917,1.847901E-4,1.0859407E-4,0.018985668,0.0,0.0,0.012999749,0.0
3.9166667,2.0,0.22929251,4.495696E-5,1.10617286E-4,0.019777061,0.0,0.0,0.013537505,0.0
3.9166667,3.0,0.058994062,0.0,1.0848265E-4,0.019510653,0.0,0.0,0.0133557,0.0
3.9166667,4.0,0.09279702,0.013082035,1.0837463E-4,0.019379502,0.0,0.0,0.013266457,0.0
3.9166667,5.0,0.17791313,0.0039840755,1.0863413E-4,0.019390091,0.0,0.0,0.013274094,0.0
3.9166667,6.0,0.030710336,2.2443541E-7,1.0841133E-4,0.019346451,0.0,0.0,0.0132441325,0.0
3.9166667,7.0,0.092279784,0.004809635,1.0750608E-4,0.01923724,0.0,0.0,0.013169032,0.0
3.9166667,8.0,0.16943902,0.004217487,1.0811603E-4,0.019345526,0.0,0.0,0.013243085,0.0
3.9166667,9.0,0.08175203,0.0,1.0829735E-4,0.019402876,0.0,0.0,0.013282249,0.0
3.9166667,10.0,0.08722414,0.002162653,1.0844357E-4,0.019441662,0.0,0.0,0.013309106,0.0
3.9166667,11.0,0.06646878,0.0058160634,1.08362176E-4,0.019442279,0.0,0.0,0.0133089665,0.0
3.9166667,12.0,0.056094334,0.00612995,1.0857794E-4,0.019484827,0.0,0.0,0.013338188,0.0
3.9166667,13.0,0.15262905,0.010450743,1.0790448E-4,0.01937997,0.0,0.0,0.013266461,0.0
3.9166667,14.0,0.050978877,0.0040583336,1.0831719E-4,0.019438623,0.0,0.0,0.013306558,0.0
3.9166667,15.0,0.0,0.0,0.0,0.0,0.0,0.0,0.0,0.0
3.9166667,16.0,0.0,0.0,0.0,0.0,0.0,0.0,0.0,0.0
3.9166667,17.0,0.0,0.0,0.0,0.0,0.0,0.0,0.0,0.0
3.9166667,18.0,0.0,0.0,0.0,0.0,0.0,0.0,0.0,0.0
3.9166667,19.0,0.0,0.0,0.0,0.0,0.0,0.0,0.0,0.0
3.9166667,20.0,0.0,0.0,0.0,0.0,0.0,0.0,0.0,0.0
3.9166667,21.0,0.0,0.0,0.0,0.0,0.0,0.0,0.0,0.0
3.9166667,22.0,0.0,0.0,0.0,0.0,0.0,0.0,0.0,0.0
3.9166667,23.0,0.0,0.0,0.0,0.0,0.0,0.0,0.0,0.0
3.9166667,24.0,0.0,0.0,0.0,0.0,0.0,0.0,0.0,0.0
3.9166667,25.0,0.0,0.0,0.0,0.0,0.0,0.0,0.0,0.0
4.0,0.0,0.21159513,0.0,1.0724251E-4,0.0017814431,0.0,0.0,0.0012386659,0.0
4.0,1.0,0.0040426105,0.0,1.0826258E-4,0.019014366,0.0,0.0,0.013019177,0.0
4.0,2.0,0.007055297,0.0019250854,1.08285516E-4,0.019380746,0.0,0.0,0.013267287,0.0
4.0,3.0,0.005566773,0.0,1.0834813E-4,0.019486804,0.0,0.0,0.013338591,0.0
4.0,4.0,0.13812566,9.6783217E-4,1.0826412E-4,0.019378351,0.0,0.0,0.013265367,0.0
4.0,5.0,0.24061555,0.014981277,1.08822765E-4,0.019391717,0.0,0.0,0.013274935,0.0
4.0,6.0,0.12067858,0.015624159,1.08391396E-4,0.019362915,0.0,0.0,0.013255146,0.0
4.0,7.0,0.07891877,0.0032719565,1.0839115E-4,0.019398645,0.0,0.0,0.0132794725,0.0
4.0,8.0,0.14431317,2.2378294E-5,1.0741484E-4,0.019207524,0.0,0.0,0.013148665,0.0
4.0,9.0,0.057600282,0.0062914533,1.0833882E-4,0.019409567,0.0,0.0,0.013286793,0.0
4.0,10.0,0.047953192,3.908166E-4,1.0859201E-4,0.019466173,0.0,0.0,0.013325539,0.0
4.0,11.0,0.11223975,0.0049271923,1.0840496E-4,0.019448629,0.0,0.0,0.013313082,0.0
4.0,12.0,0.13447402,0.0073924544,1.0744055E-4,0.019291606,0.0,0.0,0.013206121,0.0
4.0,13.0,0.09293251,0.0,1.0804504E-4,0.019394329,0.0,0.0,0.013276159,0.0
4.0,14.0,0.046359044,0.0,1.0813904E-4,0.019408904,0.0,0.0,0.013286147,0.0
4.0,15.0,0.0,0.0,0.0,0.0,0.0,0.0,0.0,0.0
4.0,16.0,0.0,0.0,0.0,0.0,0.0,0.0,0.0,0.0
4.0,17.0,0.0,0.0,0.0,0.0,0.0,0.0,0.0,0.0
4.0,18.0,0.0,0.0,0.0,0.0,0.0,0.0,0.0,0.0
4.0,19.0,0.0,0.0,0.0,0.0,0.0,0.0,0.0,0.0
4.0,20.0,0.0,0.0,0.0,0.0,0.0,0.0,0.0,0.0
4.0,21.0,0.0,0.0,0.0,0.0,0.0,0.0,0.0,0.0
4.0,22.0,0.0,0.0,0.0,0.0,0.0,0.0,0.0,0.0
4.0,23.0,0.0,0.0,0.0,0.0,0.0,0.0,0.0,0.0
4.0,24.0,0.0,0.0,0.0,0.0,0.0,0.0,0.0,0.0
4.0,25.0,0.0,0.0,0.0,0.0,0.0,0.0,0.0,0.0
4.0833335,0.0,1.701864,0.0011407522,1.173676E-4,0.0018687893,0.0,0.0,0.001494072,0.0
4.0833335,1.0,0.005961505,0.0,1.0828358E-4,0.01123343,0.0,0.0,0.009194168,0.0
4.0833335,2.0,0.041648112,2.0627449E-4,1.0838826E-4,0.011443458,0.0,0.0,0.009357317,0.0
4.0833335,3.0,0.0014633902,0.0,1.0829569E-4,0.011484615,0.0,0.0,0.0093880845,0.0
4.0833335,4.0,0.065191664,0.004742502,1.0838427E-4,0.011443856,0.0,0.0,0.009357486,0.0
4.0833335,5.0,0.25457308,0.0017907375,1.0779797E-4,0.011346015,0.0,0.0,0.0092791235,0.0
4.0833335,6.0,0.12628162,0.007243509,1.0842423E-4,0.011412062,0.0,0.0,0.009333173,0.0
4.0833335,7.0,0.29513943,0.013366778,1.09005865E-4,0.0114796255,0.0,0.0,0.009387598,0.0
4.0833335,8.0,0.19545865,0.00529345,1.0839139E-4,0.011442576,0.0,0.0,0.009357114,0.0
4.0833335,9.0,0.1733724,0.0045658024,1.089503E-4,0.011510959,0.0,0.0,0.009412459,0.0
4.0833335,10.0,0.15338011,0.010036786,1.0863891E-4,0.011488026,0.0,0.0,0.009393163,0.0
4.0833335,11.0,0.21880522,0.0011216169,1.0830327E-4,0.011453562,0.0,0.0,0.009364303,0.0
4.0833335,12.0,0.15966071,0.0056137634,1.0897597E-4,0.011521727,0.0,0.0,0.009419997,0.0
4.0833335,13.0,0.36021972,7.7076943E-4,1.0669648E-4,0.011281582,0.0,0.0,0.009223548,0.0
4.0833335,14.0,0.15964147,0.0043268055,1.0772645E-4,0.011408318,0.0,0.0,0.009327141,0.0
4.0833335,15.0,0.0,0.0,0.0,0.0,0.0,0.0,0.0,0.0
4.0833335,16.0,0.0,0.0,0.0,0.0,0.0,0.0,0.0,0.0
4.0833335,17.0,0.0,0.0,0.0,0.0,0.0,0.0,0.0,0.0
4.0833335,18.0,0.0,0.0,0.0,0.0,0.0,0.0,0.0,0.0
4.0833335,19.0,0.0,0.0,0.0,0.0,0.0,0.0,0.0,0.0
4.0833335,20.0,0.0,0.0,0.0,0.0,0.0,0.0,0.0,0.0
4.0833335,21.0,0.0,0.0,0.0,0.0,0.0,0.0,0.0,0.0
4.0833335,22.0,0.0,0.0,0.0,0.0,0.0,0.0,0.0,0.0
4.0833335,23.0,0.0,0.0,0.0,0.0,0.0,0.0,0.0,0.0
4.0833335,24.0,0.0,0.0,0.0,0.0,0.0,0.0,0.0,0.0
4.0833335,25.0,0.0,0.0,0.0,0.0,0.0,0.0,0.0,0.0
4.1666665,0.0,0.6977114,2.1047252E-5,1.0861775E-4,0.0022856835,0.0,0.0,0.0018314554,0.0
4.1666665,1.0,1.1287159,0.0,1.2295622E-4,0.012703369,0.0,0.0,0.010401967,0.0
4.1666665,2.0,0.01243587,0.0,1.08286134E-4,0.011442669,0.0,0.0,0.009356425,0.0
4.1666665,3.0,0.0098899845,0.0,1.0828371E-4,0.011487289,0.0,0.0,0.009390018,0.0
4.1666665,4.0,0.08896076,0.0031159637,1.07737455E-4,0.011381314,0.0,0.0,0.009306116,0.0
4.1666665,5.0,0.3144903,1.8982359E-5,9.920968E-5,0.010441566,0.0,0.0,0.008539556,0.0
4.1666665,6.0,0.20050783,0.006457701,1.1815612E-4,0.012442423,0.0,0.0,0.010175468,0.0
4.1666665,7.0,0.07528121,0.009453352,9.413702E-5,0.009930809,0.0,0.0,0.008120944,0.0
4.1666665,8.0,0.14892659,6.0593644E-5,1.2490648E-4,0.013185566,0.0,0.0,0.010781991,0.0
4.1666665,9.0,0.15884264,8.662119E-4,1.0280285E-4,0.010853325,0.0,0.0,0.008874517,0.0
4.1666665,10.0,0.06801016,1.2435627E-4,1.153551E-4,0.012187211,0.0,0.0,0.0099647995,0.0
4.1666665,11.0,0.4755604,1.8490142E-4,1.1511258E-4,0.012153306,0.0,0.0,0.009936668,0.0
4.1666665,12.0,0.18299967,0.0,1.1221522E-4,0.01186746,0.0,0.0,0.009702915,0.0
4.1666665,13.0,0.27388546,0.0023504933,1.0603629E-4,0.011220596,0.0,0.0,0.009173698,0.0
4.1666665,14.0,0.2041136,0.009756031,1.0798911E-4,0.011402367,0.0,0.0,0.009322375,0.0
4.1666665,15.0,0.0,0.0,0.0,0.0,0.0,0.0,0.0,0.0
4.1666665,16.0,0.0,0.0,0.0,0.0,0.0,0.0,0.0,0.0
4.1666665,17.0,0.0,0.0,0.0,0.0,0.0,0.0,0.0,0.0
4.1666665,18.0,0.0,0.0,0.0,0.0,0.0,0.0,0.0,0.0
4.1666665,19.0,0.0,0.0,0.0,0.0,0.0,0.0,0.0,0.0
4.1666665,20.0,0.0,0.0,0.0,0.0,0.0,0.0,0.0,0.0
4.1666665,21.0,0.0,0.0,0.0,0.0,0.0,0.0,0.0,0.0
4.1666665,22.0,0.0,0.0,0.0,0.0,0.0,0.0,0.0,0.0
4.1666665,23.0,0.0,0.0,0.0,0.0,0.0,0.0,0.0,0.0
4.1666665,24.0,0.0,0.0,0.0,0.0,0.0,0.0,0.0,0.0
4.1666665,25.0,0.0,0.0,0.0,0.0,0.0,0.0,0.0,0.0
4.25,0.0,0.2586695,0.024868362,7.7062426,0.0011963742,0.0,0.0,9.5867977E-4,0.0
4.25,1.0,0.7453904,2.127161E-4,7.878294E-5,0.008140884,0.0,0.0,0.006663738,0.0
4.25,2.0,0.033886496,0.0,1.1129312E-4,0.01176312,0.0,0.0,0.009618084,0.0
4.25,3.0,0.3845135,0.0,1.5113899E-4,0.016014786,0.0,0.0,0.013092058,0.0
4.25,4.0,0.15475796,4.934E-4,1.0146701E-4,0.010718067,0.0,0.0,0.008763092,0.0
4.25,5.0,0.23612815,0.004766638,2.4479165E-4,0.025742061,0.0,0.0,0.021054614,0.0
4.25,6.0,0.5242174,0.008241668,1.051296E-4,0.011031598,0.0,0.0,0.009021393,0.0
4.25,7.0,0.38377213,0.007614564,1.20887504E-4,0.012764593,0.0,0.0,0.010438386,0.0
4.25,8.0,0.2865715,0.0,1.0829781E-4,0.0114403395,0.0,0.0,0.009355134,0.0
4.25,9.0,0.16432504,0.0,1.0495036E-4,0.011088525,0.0,0.0,0.009066809,0.0
4.25,10.0,0.15713361,5.0586106E-5,1.1011952E-4,0.011644891,0.0,0.0,0.009521041,0.0
4.25,11.0,0.49694034,2.500967E-4,1.3148102E-4,0.013917317,0.0,0.0,0.01137896,0.0
4.25,12.0,0.35876384,0.0,9.485188E-5,0.010019234,0.0,0.0,0.008191617,0.0
4.25,13.0,0.26507664,0.0,1.1506592E-4,0.012187863,0.0,0.0,0.009964475,0.0
4.25,14.0,0.17638052,1.1567412E-5,9.358389E-5,0.009902994,0.0,0.0,0.008096369,0.0
4.25,15.0,0.0,0.0,0.0,0.0,0.0,0.0,0.0,0.0
4.25,16.0,0.0,0.0,0.0,0.0,0.0,0.0,0.0,0.0
4.25,17.0,0.0,0.0,0.0,0.0,0.0,0.0,0.0,0.0
4.25,18.0,0.0,0.0,0.0,0.0,0.0,0.0,0.0,0.0
4.25,19.0,0.0,0.0,0.0,0.0,0.0,0.0,0.0,0.0
4.25,20.0,0.0,0.0,0.0,0.0,0.0,0.0,0.0,0.0
4.25,21.0,0.0,0.0,0.0,0.0,0.0,0.0,0.0,0.0
4.25,22.0,0.0,0.0,0.0,0.0,0.0,0.0,0.0,0.0
4.25,23.0,0.0,0.0,0.0,0.0,0.0,0.0,0.0,0.0
4.25,24.0,0.0,0.0,0.0,0.0,0.0,0.0,0.0,0.0
4.25,25.0,0.0,0.0,0.0,0.0,0.0,0.0,0.0,0.0
4.3333335,0.0,0.006212326,3.1021889E-12,14.536258,4.4726926E-7,0.0,0.0,3.4038698E-7,0.0
4.3333335,1.0,0.063294664,0.0,1.082602E-4,0.010749337,0.0,0.0,0.008811312,0.0
4.3333335,2.0,0.022467244,0.0,4.260213E-5,0.004500626,0.0,0.0,0.0036800143,0.0
4.3333335,3.0,0.024037877,0.0,7.928657E-4,0.08390242,0.0,0.0,0.06859778,0.0
4.3333335,4.0,0.11846061,0.0012344111,1.0090624E-4,0.010688518,0.0,0.0,0.008738684,0.0
4.3333335,5.0,0.18135643,2.0240615E-4,1.4071964E-4,0.014817349,0.0,0.0,0.01211903,0.0
4.3333335,6.0,0.0732198,0.0,1.1707522E-4,0.012347053,0.0,0.0,0.010096915,0.0
4.3333335,7.0,0.21789381,0.0016759586,1.10156994E-4,0.01161292,0.0,0.0,0.009496004,0.0
4.3333335,8.0,0.12950929,1.1164755E-6,9.873693E-5,0.010421156,0.0,0.0,0.008522268,0.0
4.3333335,9.0,0.16275756,0.0,1.1054818E-4,0.01169401,0.0,0.0,0.009561731,0.0
4.3333335,10.0,0.28402004,0.0,9.764463E-5,0.010343372,0.0,0.0,0.008458172,0.0
4.3333335,11.0,0.41735184,9.2861184E-5,1.4516308E-4,0.015411338,0.0,0.0,0.012598955,0.0
4.3333335,12.0,0.32443228,0.0,9.562383E-5,0.010113018,0.0,0.0,0.008268443,0.0
4.3333335,13.0,0.13202742,0.0,1.1513107E-4,0.01218776,0.0,0.0,0.009964385,0.0
4.3333335,14.0,0.14662127,0.0,1.06450694E-4,0.011276387,0.0,0.0,0.00921962,0.0
4.3333335,15.0,0.0,0.0,0.0,0.0,0.0,0.0,0.0,0.0
4.3333335,16.0,0.0,0.0,0.0,0.0,0.0,0.0,0.0,0.0
4.3333335,17.0,0.0,0.0,0.0,0.0,0.0,0.0,0.0,0.0
4.3333335,18.0,0.0,0.0,0.0,0.0,0.0,0.0,0.0,0.0
4.3333335,19.0,0.0,0.0,0.0,0.0,0.0,0.0,0.0,0.0
4.3333335,20.0,0.0,0.0,0.0,0.0,0.0,0.0,0.0,0.0
4.3333335,21.0,0.0,0.0,0.0,0.0,0.0,0.0,0.0,0.0
4.3333335,22.0,0.0,0.0,0.0,0.0,0.0,0.0,0.0,0.0
4.3333335,23.0,0.0,0.0,0.0,0.0,0.0,0.0,0.0,0.0
4.3333335,24.0,0.0,0.0,0.0,0.0,0.0,0.0,0.0,0.0
4.3333335,25.0,0.0,0.0,0.0,0.0,0.0,0.0,0.0,0.0
4.4166665,0.0,0.007025601,0.0,14.038184,6.6632055E-7,0.0,0.0,5.074959E-7,0.0
4.4166665,1.0,0.017386591,0.0,1.0822615E-4,0.010873733,0.0,0.0,0.008910303,0.0
4.4166665,2.0,0.005682935,0.0,1.05295396E-4,0.011130536,0.0,0.0,0.009100576,0.0
4.4166665,3.0,0.3282174,0.0,1.06396816E-4,0.011251663,0.0,0.0,0.009200114,0.0
4.4166665,4.0,0.039051164,0.0,1.0462311E-4,0.011079509,0.0,0.0,0.009057936,0.0
4.4166665,5.0,0.0348723,0.0,1.1741834E-4,0.012379207,0.0,0.0,0.010123094,0.0
4.4166665,6.0,0.113601394,0.0,1.1043433E-4,0.011650678,0.0,0.0,0.009527538,0.0
4.4166665,7.0,0.15983176,0.0,1.0678847E-4,0.0112718595,0.0,0.0,0.00921682,0.0
4.4166665,8.0,0.08446289,0.0,1.0697179E-4,0.011302253,0.0,0.0,0.009241631,0.0
4.4166665,9.0,0.13610965,0.0,1.0632388E-4,0.011240395,0.0,0.0,0.009190786,0.0
4.4166665,10.0,0.06509598,0.0,1.2287135E-4,0.012986804,0.0,0.0,0.010618327,0.0
4.4166665,11.0,0.06546284,0.0,1.1258837E-4,0.011902897,0.0,0.0,0.009731933,0.0
4.4166665,12.0,0.20974576,0.0,1.10457346E-4,0.011696809,0.0,0.0,0.009562425,0.0
4.4166665,13.0,0.16944647,0.0,1.1114345E-4,0.011731137,0.0,0.0,0.009591039,0.0
4.4166665,14.0,0.04053905,0.0,9.811954E-5,0.010387341,0.0,0.0,0.00849229,0.0
4.4166665,15.0,0.0,0.0,0.0,0.0,0.0,0.0,0.0,0.0
4.4166665,16.0,0.0,0.0,0.0,0.0,0.0,0.0,0.0,0.0
4.4166665,17.0,0.0,0.0,0.0,0.0,0.0,0.0,0.0,0.0
4.4166665,18.0,0.0,0.0,0.0,0.0,0.0,0.0,0.0,0.0
4.4166665,19.0,0.0,0.0,0.0,0.0,0.0,0.0,0.0,0.0
4.4166665,20.0,0.0,0.0,0.0,0.0,0.0,0.0,0.0,0.0
4.4166665,21.0,0.0,0.0,0.0,0.0,0.0,0.0,0.0,0.0
4.4166665,22.0,0.0,0.0,0.0,0.0,0.0,0.0,0.0,0.0
4.4166665,23.0,0.0,0.0,0.0,0.0,0.0,0.0,0.0,0.0
4.4166665,24.0,0.0,0.0,0.0,0.0,0.0,0.0,0.0,0.0
4.4166665,25.0,0.0,0.0,0.0,0.0,0.0,0.0,0.0,0.0
4.5,0.0,0.007962825,4.7785505E-7,14.1403265,7.742837E-7,0.0,0.0,5.91666E-7,0.0
4.5,1.0,0.039943833,0.0,1.0838737E-4,0.011005262,0.0,0.0,0.009015185,0.0
4.5,2.0,0.002346346,0.0,1.0741103E-4,0.011362702,0.0,0.0,0.009289994,0.0
4.5,3.0,0.00401339,0.0,1.06436906E-4,0.0112721445,0.0,0.0,0.009215434,0.0
4.5,4.0,0.024565432,0.0,8.004974E-5,0.008477923,0.0,0.0,0.0069308905,0.0
4.5,5.0,0.14446835,0.0,1.5408346E-4,0.016307,0.0,0.0,0.013333051,0.0
4.5,6.0,0.06345806,0.0,1.2272407E-4,0.012960276,0.0,0.0,0.010597414,0.0
4.5,7.0,0.079801746,0.0,1.0940588E-4,0.0115444455,0.0,0.0,0.009440053,0.0
4.5,8.0,0.11448473,0.0,1.2180877E-4,0.012875868,0.0,0.0,0.010528114,0.0
4.5,9.0,0.04934301,0.0,1.0450965E-4,0.011047407,0.0,0.0,0.009032853,0.0
4.5,10.0,0.2548,0.0,1.14321956E-4,0.012095193,0.0,0.0,0.009889374,0.0
4.5,11.0,0.0120303305,0.0,1.0802527E-4,0.0114282165,0.0,0.0,0.009343692,0.0
4.5,12.0,0.42824572,0.0,1.2005239E-4,0.0126603,0.0,0.0,0.010350736,0.0
4.5,13.0,0.2852391,0.0,9.6064985E-5,0.010159966,0.0,0.0,0.008306453,0.0
4.5,14.0,0.109384306,0.0,9.8412034E-5,0.010423519,0.0,0.0,0.008521743,0.0
4.5,15.0,0.0,0.0,0.0,0.0,0.0,0.0,0.0,0.0
4.5,16.0,0.0,0.0,0.0,0.0,0.0,0.0,0.0,0.0
4.5,17.0,0.0,0.0,0.0,0.0,0.0,0.0,0.0,0.0
4.5,18.0,0.0,0.0,0.0,0.0,0.0,0.0,0.0,0.0
4.5,19.0,0.0,0.0,0.0,0.0,0.0,0.0,0.0,0.0
4.5,20.0,0.0,0.0,0.0,0.0,0.0,0.0,0.0,0.0
4.5,21.0,0.0,0.0,0.0,0.0,0.0,0.0,0.0,0.0
4.5,22.0,0.0,0.0,0.0,0.0,0.0,0.0,0.0,0.0
4.5,23.0,0.0,0.0,0.0,0.0,0.0,0.0,0.0,0.0
4.5,24.0,0.0,0.0,0.0,0.0,0.0,0.0,0.0,0.0
4.5,25.0,0.0,0.0,0.0,0.0,0.0,0.0,0.0,0.0
4.5833335,0.0,0.007987146,6.9736575E-6,14.266387,7.2411535E-7,0.0,0.0,5.541818E-7,0.0
4.5833335,1.0,0.08017929,0.0,1.08342785E-4,0.011101973,0.0,0.0,0.009090947,0.0
4.5833335,2.0,0.0023673542,0.0,7.006254E-5,0.007376229,0.0,0.0,0.006032539,0.0
4.5833335,3.0,0.05555021,0.0,1.1697714E-4,0.012394288,0.0,0.0,0.010132593,0.0
4.5833335,4.0,0.0,0.0,0.0,0.0,0.0522991,0.0,0.0,0.0
4.5833335,5.0,0.0,0.0,0.0,0.0,0.10872121,0.0,0.0,0.0
4.5833335,6.0,0.0,0.0,0.0,0.0,0.08265001,0.0,0.0,0.0
4.5833335,7.0,0.0,0.0,0.0,0.0,0.10505977,0.0,0.0,0.0
4.5833335,8.0,0.0,0.0,0.0,0.0,0.08441291,0.0,0.0,0.0
4.5833335,9.0,0.0,0.0,0.0,0.0,0.085544616,0.0,0.0,0.0
4.5833335,10.0,0.0,0.0,0.0,0.0,0.09367663,0.0,0.0,0.0
4.5833335,11.0,0.0,0.0,0.0,0.0,0.08361165,0.0,0.0,0.0
4.5833335,12.0,0.0,0.0,0.0,0.0,0.09152237,0.0,0.0,0.0
4.5833335,13.0,0.0,0.0,0.0,0.0,0.08780567,0.0,0.0,0.0
4.5833335,14.0,0.0,0.0,0.0,0.0,0.08520244,0.0,0.0,0.0
4.5833335,15.0,0.0,0.0,0.0,0.0,0.0,0.0,0.0,0.0
4.5833335,16.0,0.0,0.0,0.0,0.0,0.0,0.0,0.0,0.0
4.5833335,17.0,0.0,0.0,0.0,0.0,0.0,0.0,0.0,0.0
4.5833335,18.0,0.0,0.0,0.0,0.0,0.0,0.0,0.0,0.0
4.5833335,19.0,0.0,0.0,0.0,0.0,0.0,0.0,0.0,0.0
4.5833335,20.0,0.0,0.0,0.0,0.0,0.0,0.0,0.0,0.0
4.5833335,21.0,0.0,0.0,0.0,0.0,0.0,0.0,0.0,0.0
4.5833335,22.0,0.0,0.0,0.0,0.0,0.0,0.0,0.0,0.0
4.5833335,23.0,0.0,0.0,0.0,0.0,0.0,0.0,0.0,0.0
4.5833335,24.0,0.0,0.0,0.0,0.0,0.0,0.0,0.0,0.0
4.5833335,25.0,0.0,0.0,0.0,0.0,0.0,0.0,0.0,0.0
4.6666665,0.0,0.007098527,1.1770435E-7,14.006873,7.5410895E-7,0.0,0.0,5.7634844E-7,0.0
4.6666665,1.0,0.008529624,0.0,1.08296306E-4,0.011175563,0.0,0.0,0.0091488,0.0
4.6666665,2.0,0.0055877296,0.0,1.083071E-4,0.011414354,0.0,0.0,0.009334782,0.0
4.6666665,3.0,0.11117486,0.0,1.08468885E-4,0.01148455,0.0,0.0,0.0093885865,0.0
4.6666665,4.0,0.0,0.0,2.6214286E-9,2.7833627E-7,0.044112954,0.0,2.275037E-7,0.0
4.6666665,5.0,0.0,0.0,0.0,0.0,0.09226747,0.0,0.0,0.0
4.6666665,6.0,0.0,0.0,0.0,0.0,0.08682981,0.0,0.0,0.0
4.6666665,7.0,0.0,0.0,0.0,0.0,0.08803791,0.0,0.0,0.0
4.6666665,8.0,0.0,0.0,0.0,0.0,0.076151974,0.0,0.0,0.0
4.6666665,9.0,0.0,0.0,0.0,0.0,0.092147276,0.0,0.0,0.0
4.6666665,10.0,0.0,0.0,0.0,0.0,0.09806851,0.0,0.0,0.0
4.6666665,11.0,0.0,0.0,0.0,0.0,0.08667882,0.0,0.0,0.0
4.6666665,12.0,0.0,0.0,0.0,0.0,0.09266048,0.0,0.0,0.0
4.6666665,13.0,0.0,0.0,0.0,0.0,0.08107137,0.0,0.0,0.0
4.6666665,14.0,0.0,0.0,0.0,0.0,0.094016336,0.0,0.0,0.0
4.6666665,15.0,0.0,0.0,0.0,0.0,0.0,0.0,0.0,0.0
4.6666665,16.0,0.0,0.0,0.0,0.0,0.0,0.0,0.0,0.0
4.6666665,17.0,0.0,0.0,0.0,0.0,0.0,0.0,0.0,0.0
4.6666665,18.0,0.0,0.0,0.0,0.0,0.0,0.0,0.0,0.0
4.6666665,19.0,0.0,0.0,0.0,0.0,0.0,0.0,0.0,0.0
4.6666665,20.0,0.0,0.0,0.0,0.0,0.0,0.0,0.0,0.0
4.6666665,21.0,0.0,0.0,0.0,0.0,0.0,0.0,0.0,0.0
4.6666665,22.0,0.0,0.0,0.0,0.0,0.0,0.0,0.0,0.0
4.6666665,23.0,0.0,0.0,0.0,0.0,0.0,0.0,0.0,0.0
4.6666665,24.0,0.0,0.0,0.0,0.0,0.0,0.0,0.0,0.0
4.6666665,25.0,0.0,0.0,0.0,0.0,0.0,0.0,0.0,0.0
4.75,0.0,0.8946044,1.5504836E-4,7.091814,7.252186E-5,0.0,0.0,5.571347E-5,0.0
4.75,1.0,0.013484482,0.0,1.0826042E-4,0.011232112,0.0,0.0,0.0091932025,0.0
4.75,2.0,0.0011655232,0.0,1.0828011E-4,0.011428117,0.0,0.0,0.00934553,0.0
4.75,3.0,0.10186298,0.0,1.0833385E-4,0.011471549,0.0,0.0,0.009377842,0.0
4.75,4.0,0.0,0.0,0.0,0.0,0.0875,0.0,0.0,0.0
4.75,5.0,0.0,0.0,0.0,0.0,0.0875,0.0,0.0,0.0
4.75,6.0,0.0,0.0,0.0,0.0,0.0875,0.0,0.0,0.0
4.75,7.0,0.0,0.0,0.0,0.0,0.0875,0.0,0.0,0.0
4.75,8.0,0.0,0.0,0.0,0.0,0.0875,0.0,0.0,0.0
4.75,9.0,0.0,0.0,0.0,0.0,0.0875,0.0,0.0,0.0
4.75,10.0,0.0,0.0,0.0,0.0,0.0875,0.0,0.0,0.0
4.75,11.0,0.0,0.0,0.0,0.0,0.0875,0.0,0.0,0.0
4.75,12.0,0.0,0.0,0.0,0.0,0.0875,0.0,0.0,0.0
4.75,13.0,0.0,0.0,0.0,0.0,0.0875,0.0,0.0,0.0
4.75,14.0,0.0,0.0,0.0,0.0,0.0875,0.0,0.0,0.0
4.75,15.0,0.0,0.0,0.0,0.0,0.0,0.0,0.0,0.0
4.75,16.0,0.0,0.0,0.0,0.0,0.0,0.0,0.0,0.0
4.75,17.0,0.0,0.0,0.0,0.0,0.0,0.0,0.0,0.0
4.75,18.0,0.0,0.0,0.0,0.0,0.0,0.0,0.0,0.0
4.75,19.0,0.0,0.0,0.0,0.0,0.0,0.0,0.0,0.0
4.75,20.0,0.0,0.0,0.0,0.0,0.0,0.0,0.0,0.0
4.75,21.0,0.0,0.0,0.0,0.0,0.0,0.0,0.0,0.0
4.75,22.0,0.0,0.0,0.0,0.0,0.0,0.0,0.0,0.0
4.75,23.0,0.0,0.0,0.0,0.0,0.0,0.0,0.0,0.0
4.75,24.0,0.0,0.0,0.0,0.0,0.0,0.0,0.0,0.0
4.75,25.0,0.0,0.0,0.0,0.0,0.0,0.0,0.0,0.0
4.8333335,0.0,1.3740106,0.0,1.0246911E-4,2.5964473E-4,0.0,0.0,2.0098904E-4,0.0
4.8333335,1.0,0.022039147,0.0,1.0830086E-4,0.011280452,0.0,0.0,0.00923094,0.0
4.8333335,2.0,0.006857149,0.0,1.0827299E-4,0.011438892,0.0,0.0,0.009353374,0.0
4.8333335,3.0,0.06499507,0.0,1.09065964E-4,0.0115697915,0.0,0.0,0.00945773,0.0
4.8333335,4.0,0.0036814972,0.1250409,1.0842429E-4,0.011506122,0.0,0.0,0.009404978,0.0
4.8333335,5.0,0.13231799,0.1276343,1.09366556E-4,0.0115878545,0.0,0.0,0.009473534,0.0
4.8333335,6.0,0.249657,0.129178,1.10785804E-4,0.01166554,0.0,0.0,0.009538205,0.0
4.8333335,7.0,0.2659291,0.12819651,1.09768036E-4,0.011599381,0.0,0.0,0.009484643,0.0
4.8333335,8.0,0.15808317,0.12569286,1.098848E-4,0.011629779,0.0,0.0,0.009508825,0.0
4.8333335,9.0,0.07411466,0.1247974,1.0826771E-4,0.011450573,0.0,0.0,0.009362306,0.0
4.8333335,10.0,0.05295426,0.12506436,1.0827241E-4,0.011458197,0.0,0.0,0.009368197,0.0
4.8333335,11.0,0.21535067,0.12574995,1.0880361E-4,0.011492675,0.0,0.0,0.009396487,0.0
4.8333335,12.0,0.111568764,0.12499666,1.0977077E-4,0.011599556,0.0,0.0,0.009483182,0.0
4.8333335,13.0,0.17168391,0.12545618,1.085157E-4,0.01147922,0.0,0.0,0.009384931,0.0
4.8333335,14.0,0.3145236,0.13062043,1.1073561E-4,0.0117216185,0.0,0.0,0.0095828995,0.0
4.8333335,15.0,0.0,0.0,0.0,0.0,0.0,0.0,0.0,0.0
4.8333335,16.0,0.0,0.0,0.0,0.0,0.0,0.0,0.0,0.0
4.8333335,17.0,0.0,0.0,0.0,0.0,0.0,0.0,0.0,0.0
4.8333335,18.0,0.0,0.0,0.0,0.0,0.0,0.0,0.0,0.0
4.8333335,19.0,0.0,0.0,0.0,0.0,0.0,0.0,0.0,0.0
4.8333335,20.0,0.0,0.0,0.0,0.0,0.0,0.0,0.0,0.0
4.8333335,21.0,0.0,0.0,0.0,0.0,0.0,0.0,0.0,0.0
4.8333335,22.0,0.0,0.0,0.0,0.0,0.0,0.0,0.0,0.0
4.8333335,23.0,0.0,0.0,0.0,0.0,0.0,0.0,0.0,0.0
4.8333335,24.0,0.0,0.0,0.0,0.0,0.0,0.0,0.0,0.0
4.8333335,25.0,0.0,0.0,0.0,0.0,0.0,0.0,0.0,0.0
4.9166665,0.0,1.7374202,0.0,9.422665E-5,8.2166796E-4,0.0,0.0,6.488657E-4,0.0
4.9166665,1.0,0.020019485,0.0,1.08288434E-4,0.011315864,0.0,0.0,0.00925828,0.0
4.9166665,2.0,0.054676298,0.0,1.0849357E-4,0.011462669,0.0,0.0,0.009372129,0.0
4.9166665,3.0,0.037667736,0.0,1.08382264E-4,0.011497502,0.0,0.0,0.009398549,0.0
4.9166665,4.0,0.0021996456,0.0,1.0827127E-4,0.0114962235,0.0,0.0,0.0093968185,0.0
4.9166665,5.0,0.051847328,0.002144031,1.08500666E-4,0.011488831,0.0,0.0,0.009392512,0.0
4.9166665,6.0,0.04383589,2.4509948E-6,1.0835647E-4,0.01145791,0.0,0.0,0.009368162,0.0
4.9166665,7.0,0.060818516,2.6668777E-4,1.0836735E-4,0.011443609,0.0,0.0,0.009357131,0.0
4.9166665,8.0,0.1514766,0.0,1.06641E-4,0.011262719,0.0,0.0,0.0092091495,0.0
4.9166665,9.0,0.17980084,0.0,1.0931813E-4,0.011576855,0.0,0.0,0.009465479,0.0
4.9166665,10.0,0.1748759,0.0,1.07406566E-4,0.01138505,0.0,0.0,0.0093082385,0.0
4.9166665,11.0,0.08664687,7.358548E-4,1.0844939E-4,0.011473348,0.0,0.0,0.009380296,0.0
4.9166665,12.0,0.013793202,0.0036073166,1.0829235E-4,0.011466165,0.0,0.0,0.009374229,0.0
4.9166665,13.0,0.043716736,0.0,1.08245586E-4,0.011463162,0.0,0.0,0.009371851,0.0
4.9166665,14.0,0.08951673,0.011327846,1.08377404E-4,0.0114823785,0.0,0.0,0.009387473,0.0
4.9166665,15.0,0.0,0.0,0.0,0.0,0.0,0.0,0.0,0.0
4.9166665,16.0,0.0,0.0,0.0,0.0,0.0,0.0,0.0,0.0
4.9166665,17.0,0.0,0.0,0.0,0.0,0.0,0.0,0.0,0.0
4.9166665,18.0,0.0,0.0,0.0,0.0,0.0,0.0,0.0,0.0
4.9166665,19.0,0.0,0.0,0.0,0.0,0.0,0.0,0.0,0.0
4.9166665,20.0,0.0,0.0,0.0,0.0,0.0,0.0,0.0,0.0
4.9166665,21.0,0.0,0.0,0.0,0.0,0.0,0.0,0.0,0.0
4.9166665,22.0,0.0,0.0,0.0,0.0,0.0,0.0,0.0,0.0
4.9166665,23.0,0.0,0.0,0.0,0.0,0.0,0.0,0.0,0.0
4.9166665,24.0,0.0,0.0,0.0,0.0,0.0,0.0,0.0,0.0
4.9166665,25.0,0.0,0.0,0.0,0.0,0.0,0.0,0.0,0.0
5.0,0.0,1.7091999,0.0,1.1031191E-4,0.0020149911,0.0,0.0,0.0016096418,0.0
5.0,1.0,0.0030551283,0.0,1.0828832E-4,0.011345674,0.0,0.0,0.009281451,0.0
5.0,2.0,0.015377136,0.0,1.0827846E-4,0.011456215,0.0,0.0,0.009366767,0.0
5.0,3.0,0.08895749,0.0,1.0839693E-4,0.011497743,0.0,0.0,0.009398779,0.0
5.0,4.0,0.346792,0.0,1.08916836E-4,0.0116098,0.0,0.0,0.009490057,0.0
5.0,5.0,0.09380633,0.0021618302,1.08476E-4,0.01149031,0.0,0.0,0.009393517,0.0
5.0,6.0,0.024864357,6.9467304E-4,1.0834496E-4,0.011461363,0.0,0.0,0.0093708355,0.0
5.0,7.0,0.10946448,4.186184E-5,1.083695E-4,0.011453891,0.0,0.0,0.009364923,0.0
5.0,8.0,0.025736988,8.799518E-5,1.08183915E-4,0.011448504,0.0,0.0,0.009360058,0.0
5.0,9.0,0.066421926,0.0,1.0830909E-4,0.01145462,0.0,0.0,0.009365379,0.0
5.0,10.0,0.12578264,3.0528195E-6,1.08595654E-4,0.011486521,0.0,0.0,0.009391294,0.0
5.0,11.0,0.18634634,2.3119195E-5,1.0887347E-4,0.0115335,0.0,0.0,0.009429505,0.0
5.0,12.0,0.1734995,0.0028970276,1.0855353E-4,0.011489338,0.0,0.0,0.009392813,0.0
5.0,13.0,0.026894283,3.2221495E-5,1.0830201E-4,0.011467886,0.0,0.0,0.009375531,0.0
5.0,14.0,0.057835013,0.0,1.0842523E-4,0.011478151,0.0,0.0,0.009383965,0.0
5.0,15.0,0.0,0.0,0.0,0.0,0.0,0.0,0.0,0.0
5.0,16.0,0.0,0.0,0.0,0.0,0.0,0.0,0.0,0.0
5.0,17.0,0.0,0.0,0.0,0.0,0.0,0.0,0.0,0.0
5.0,18.0,0.0,0.0,0.0,0.0,0.0,0.0,0.0,0.0
5.0,19.0,0.0,0.0,0.0,0.0,0.0,0.0,0.0,0.0
5.0,20.0,0.0,0.0,0.0,0.0,0.0,0.0,0.0,0.0
5.0,21.0,0.0,0.0,0.0,0.0,0.0,0.0,0.0,0.0
5.0,22.0,0.0,0.0,0.0,0.0,0.0,0.0,0.0,0.0
5.0,23.0,0.0,0.0,0.0,0.0,0.0,0.0,0.0,0.0
5.0,24.0,0.0,0.0,0.0,0.0,0.0,0.0,0.0,0.0
5.0,25.0,0.0,0.0,0.0,0.0,0.0,0.0,0.0,0.0
5.0833335,0.0,4.1226354,0.0,6.67695E-5,0.0019612324,0.0,0.0,0.0016079647,0.0
5.0833335,1.0,0.40627468,0.0,1.08926826E-4,0.009834677,0.0,0.0,0.008135951,0.0
5.0833335,2.0,0.0060432693,0.0,1.08299435E-4,0.009869804,0.0,0.0,0.008160697,0.0
5.0833335,3.0,0.14870714,0.0,1.0834855E-4,0.009917462,0.0,0.0,0.008198544,0.0
5.0833335,4.0,0.007708699,0.0,1.082628E-4,0.009900737,0.0,0.0,0.008183951,0.0
5.0833335,5.0,0.30711392,0.0,1.0705028E-4,0.009766163,0.0,0.0,0.008074048,0.0
5.0833335,6.0,0.24168833,0.0,1.0812111E-4,0.009844205,0.0,0.0,0.008139482,0.0
5.0833335,7.0,0.32557192,0.0,1.1019167E-4,0.010021491,0.0,0.0,0.008286573,0.0
5.0833335,8.0,0.19548403,0.0,1.0913889E-4,0.009932855,0.0,0.0,0.008212729,0.0
5.0833335,9.0,0.04594714,0.0,1.0833231E-4,0.009867457,0.0,0.0,0.008159147,0.0
5.0833335,10.0,0.26853517,0.0,1.07974E-4,0.009845951,0.0,0.0,0.008140996,0.0
5.0833335,11.0,0.16017863,0.0,1.0871221E-4,0.009908515,0.0,0.0,0.00819251,0.0
5.0833335,12.0,0.3214803,0.0,1.092489E-4,0.009945128,0.0,0.0,0.008222731,0.0
5.0833335,13.0,0.17889538,0.0,1.08517146E-4,0.009894444,0.0,0.0,0.008180626,0.0
5.0833335,14.0,0.17400652,0.0,1.08180255E-4,0.009856913,0.0,0.0,0.008149829,0.0
5.0833335,15.0,0.0,0.0,0.0,0.0,0.0,0.0,0.0,0.0
5.0833335,16.0,0.0,0.0,0.0,0.0,0.0,0.0,0.0,0.0
5.0833335,17.0,0.0,0.0,0.0,0.0,0.0,0.0,0.0,0.0
5.0833335,18.0,0.0,0.0,0.0,0.0,0.0,0.0,0.0,0.0
5.0833335,19.0,0.0,0.0,0.0,0.0,0.0,0.0,0.0,0.0
5.0833335,20.0,0.0,0.0,0.0,0.0,0.0,0.0,0.0,0.0
5.0833335,21.0,0.0,0.0,0.0,0.0,0.0,0.0,0.0,0.0
5.0833335,22.0,0.0,0.0,0.0,0.0,0.0,0.0,0.0,0.0
5.0833335,23.0,0.0,0.0,0.0,0.0,0.0,0.0,0.0,0.0
5.0833335,24.0,0.0,0.0,0.0,0.0,0.0,0.0,0.0,0.0
5.0833335,25.0,0.0,0.0,0.0,0.0,0.0,0.0,0.0,0.0
5.1666665,0.0,0.41016835,0.0,1.0732352E-4,0.0051643164,0.0,0.0,0.0042754062,0.0
5.1666665,1.0,0.019090679,0.0,1.0827602E-4,0.009806927,0.0,0.0,0.008112111,0.0
5.1666665,2.0,0.19292662,0.0,1.0878285E-4,0.009899323,0.0,0.0,0.008184899,0.0
5.1666665,3.0,0.001674896,0.0,1.08285785E-4,0.009894171,0.0,0.0,0.008179159,0.0
5.1666665,4.0,0.009059844,0.0,1.08283515E-4,0.0098999785,0.0,0.0,0.008183415,0.0
5.1666665,5.0,0.07394541,0.004179432,1.08160195E-4,0.009877804,0.0,0.0,0.008166044,0.0
5.1666665,6.0,0.22801992,0.0,1.0631974E-4,0.009698738,0.0,0.0,0.0080193505,0.0
5.1666665,7.0,0.14344572,1.3716791E-5,1.1968352E-4,0.010912224,0.0,0.0,0.009022301,0.0
5.1666665,8.0,0.04347414,0.0,8.978953E-5,0.008187124,0.0,0.0,0.0067692506,0.0
5.1666665,9.0,0.029761856,8.6263457E-4,1.2195502E-4,0.01111098,0.0,0.0,0.009187079,0.0
5.1666665,10.0,0.14074156,1.7911944E-4,8.53775E-5,0.0077779507,0.0,0.0,0.006431214,0.0
5.1666665,11.0,0.08134764,0.0,1.2563416E-4,0.011450984,0.0,0.0,0.009467828,0.0
5.1666665,12.0,0.16871572,0.0,1.7190316E-4,0.015667288,0.0,0.0,0.012953593,0.0
5.1666665,13.0,0.10293574,0.0,1.087224E-4,0.009914371,0.0,0.0,0.008197246,0.0
5.1666665,14.0,0.06080245,9.869995E-5,9.4869654E-5,0.008651637,0.0,0.0,0.0071532126,0.0
5.1666665,15.0,0.0,0.0,0.0,0.0,0.0,0.0,0.0,0.0
5.1666665,16.0,0.0,0.0,0.0,0.0,0.0,0.0,0.0,0.0
5.1666665,17.0,0.0,0.0,0.0,0.0,0.0,0.0,0.0,0.0
5.1666665,18.0,0.0,0.0,0.0,0.0,0.0,0.0,0.0,0.0
5.1666665,19.0,0.0,0.0,0.0,0.0,0.0,0.0,0.0,0.0
5.1666665,20.0,0.0,0.0,0.0,0.0,0.0,0.0,0.0,0.0
5.1666665,21.0,0.0,0.0,0.0,0.0,0.0,0.0,0.0,0.0
5.1666665,22.0,0.0,0.0,0.0,0.0,0.0,0.0,0.0,0.0
5.1666665,23.0,0.0,0.0,0.0,0.0,0.0,0.0,0.0,0.0
5.1666665,24.0,0.0,0.0,0.0,0.0,0.0,0.0,0.0,0.0
5.1666665,25.0,0.0,0.0,0.0,0.0,0.0,0.0,0.0,0.0
5.25,0.0,0.23210964,0.0,7.589547,0.0032323294,0.0,0.0,0.0026844263,0.0
5.25,1.0,NaN,NaN,NaN,NaN,NaN,NaN,NaN,NaN
5.25,2.0,0.26106912,0.0,9.3556075E-5,0.008516239,0.0,0.0,0.0070437808,0.0
5.25,3.0,0.026323149,0.0,1.1115135E-4,0.010155146,0.0,0.0,0.008394681,0.0
5.25,4.0,0.032348443,0.0,1.2667092E-4,0.011581098,0.0,0.0,0.009573198,0.0
5.25,5.0,0.14305268,0.0,1.0354032E-4,0.00945202,0.0,0.0,0.007813905,0.0
5.25,6.0,0.63703865,1.0745331E-6,2.0429236E-4,0.01856122,0.0,0.0,0.015347596,0.0
5.25,7.0,0.047530375,0.0,1.2019636E-4,0.01095156,0.0,0.0,0.009055266,0.0
5.25,8.0,0.03665692,0.0,1.0316881E-4,0.009403171,0.0,0.0,0.007774618,0.0
5.25,9.0,0.25083798,0.0,1.1076324E-4,0.010080163,0.0,0.0,0.0083348965,0.0
5.25,10.0,0.24131674,0.0,9.895888E-5,0.0090342285,0.0,0.0,0.007470081,0.0
5.25,11.0,0.18324725,0.0,1.1610262E-4,0.010587587,0.0,0.0,0.008753708,0.0
5.25,12.0,0.21677342,0.0,1.0835348E-4,0.009882688,0.0,0.0,0.008171034,0.0
5.25,13.0,0.13884541,0.0,9.198957E-5,0.008395232,0.0,0.0,0.0069407457,0.0
5.25,14.0,0.10448069,0.0,1.1519308E-4,0.010507063,0.0,0.0,0.008687252,0.0
5.25,15.0,0.0,0.0,0.0,0.0,0.0,0.0,0.0,0.0
5.25,16.0,0.0,0.0,0.0,0.0,0.0,0.0,0.0,0.0
5.25,17.0,0.0,0.0,0.0,0.0,0.0,0.0,0.0,0.0
5.25,18.0,0.0,0.0,0.0,0.0,0.0,0.0,0.0,0.0
5.25,19.0,0.0,0.0,0.0,0.0,0.0,0.0,0.0,0.0
5.25,20.0,0.0,0.0,0.0,0.0,0.0,0.0,0.0,0.0
5.25,21.0,0.0,0.0,0.0,0.0,0.0,0.0,0.0,0.0
5.25,22.0,0.0,0.0,0.0,0.0,0.0,0.0,0.0,0.0
5.25,23.0,0.0,0.0,0.0,0.0,0.0,0.0,0.0,0.0
5.25,24.0,0.0,0.0,0.0,0.0,0.0,0.0,0.0,0.0
5.25,25.0,0.0,0.0,0.0,0.0,0.0,0.0,0.0,0.0
5.3333335,0.0,0.0069015776,0.0,14.540324,3.6117254E-7,0.0,0.0,2.7645987E-7,0.0
5.3333335,1.0,0.0,0.0,0.0,0.0,0.0,0.0,0.0,0.0
5.3333335,2.0,0.009923075,0.0,1.0829614E-4,0.0098348465,0.0,0.0,0.008133884,0.0
5.3333335,3.0,5.0773815E-4,0.0,7.1635426E-5,0.006548433,0.0,0.0,0.0054130903,0.0
5.3333335,4.0,NaN,NaN,NaN,NaN,NaN,NaN,NaN,NaN
5.3333335,5.0,0.2590904,0.0,1.02468206E-4,0.009345102,0.0,0.0,0.007726436,0.0
5.3333335,6.0,0.534071,0.0,2.0072183E-4,0.018263457,0.0,0.0,0.015100182,0.0
5.3333335,7.0,0.039976586,0.0,1.2039766E-4,0.010970739,0.0,0.0,0.009071,0.0
5.3333335,8.0,0.024455301,0.0,1.0958655E-4,0.009991572,0.0,0.0,0.008261095,0.0
5.3333335,9.0,0.035086296,0.0,9.7649536E-5,0.008899799,0.0,0.0,0.0073587312,0.0
5.3333335,10.0,0.18201478,0.0,1.3728699E-4,0.012513682,0.0,0.0,0.010346658,0.0
5.3333335,11.0,0.03539392,0.0,9.775699E-5,0.008912185,0.0,0.0,0.0073687807,0.0
5.3333335,12.0,0.7555897,0.0,1.5503269E-4,0.014120281,0.0,0.0,0.011674413,0.0
5.3333335,13.0,0.08349271,0.0,1.015798E-4,0.0092691425,0.0,0.0,0.007663683,0.0
5.3333335,14.0,0.3918586,0.0,1.0449472E-4,0.009505124,0.0,0.0,0.007858577,0.0
5.3333335,15.0,0.0,0.0,0.0,0.0,0.0,0.0,0.0,0.0
5.3333335,16.0,0.0,0.0,0.0,0.0,0.0,0.0,0.0,0.0
5.3333335,17.0,0.0,0.0,0.0,0.0,0.0,0.0,0.0,0.0
5.3333335,18.0,0.0,0.0,0.0,0.0,0.0,0.0,0.0,0.0
5.3333335,19.0,0.0,0.0,0.0,0.0,0.0,0.0,0.0,0.0
5.3333335,20.0,0.0,0.0,0.0,0.0,0.0,0.0,0.0,0.0
5.3333335,21.0,0.0,0.0,0.0,0.0,0.0,0.0,0.0,0.0
5.3333335,22.0,0.0,0.0,0.0,0.0,0.0,0.0,0.0,0.0
5.3333335,23.0,0.0,0.0,0.0,0.0,0.0,0.0,0.0,0.0
5.3333335,24.0,0.0,0.0,0.0,0.0,0.0,0.0,0.0,0.0
5.3333335,25.0,0.0,0.0,0.0,0.0,0.0,0.0,0.0,0.0
5.4166665,0.0,0.0078936685,1.4592831E-6,14.291275,5.0000284E-7,0.0,0.0,3.835504E-7,0.0
5.4166665,1.0,0.0,0.0,0.0,0.0,0.0,0.0,0.0,0.0
5.4166665,2.0,0.0020091247,0.0,1.083067E-4,0.009845349,0.0,0.0,0.008141736,0.0
5.4166665,3.0,1.7415686,0.0,1.0408932E-4,0.0096398415,0.0,0.0,0.007970852,0.0
5.4166665,4.0,0.0035738784,0.0,1.0992849E-4,0.010046259,0.0,0.0,0.008304848,0.0
5.4166665,5.0,0.30637994,0.0,1.0467566E-4,0.009536761,0.0,0.0,0.007883872,0.0
5.4166665,6.0,0.0797189,0.0,1.2733822E-4,0.011639893,0.0,0.0,0.009622701,0.0
5.4166665,7.0,0.08778329,0.0,1.1253374E-4,0.01025486,0.0,0.0,0.008479033,0.0
5.4166665,8.0,0.03608256,0.0,1.06314015E-4,0.009695273,0.0,0.0,0.008015825,0.0
5.4166665,9.0,0.06301537,0.0,1.0770765E-4,0.009819438,0.0,0.0,0.008119024,0.0
5.4166665,10.0,0.10286507,0.0,1.371671E-4,0.012507829,0.0,0.0,0.010341588,0.0
5.4166665,11.0,0.07885402,0.0,1.09167675E-4,0.009938703,0.0,0.0,0.008217468,0.0
5.4166665,12.0,0.3443879,0.0,1.1186752E-4,0.010173347,0.0,0.0,0.008410957,0.0
5.4166665,13.0,0.024886467,0.0,1.0286632E-4,0.009379823,0.0,0.0,0.007755203,0.0
5.4166665,14.0,0.13538292,0.0,1.2251626E-4,0.011186381,0.0,0.0,0.00924875,0.0
5.4166665,15.0,0.0,0.0,0.0,0.0,0.0,0.0,0.0,0.0
5.4166665,16.0,0.0,0.0,0.0,0.0,0.0,0.0,0.0,0.0
5.4166665,17.0,0.0,0.0,0.0,0.0,0.0,0.0,0.0,0.0
5.4166665,18.0,0.0,0.0,0.0,0.0,0.0,0.0,0.0,0.0
5.4166665,19.0,0.0,0.0,0.0,0.0,0.0,0.0,0.0,0.0
5.4166665,20.0,0.0,0.0,0.0,0.0,0.0,0.0,0.0,0.0
5.4166665,21.0,0.0,0.0,0.0,0.0,0.0,0.0,0.0,0.0
5.4166665,22.0,0.0,0.0,0.0,0.0,0.0,0.0,0.0,0.0
5.4166665,23.0,0.0,0.0,0.0,0.0,0.0,0.0,0.0,0.0
5.4166665,24.0,0.0,0.0,0.0,0.0,0.0,0.0,0.0,0.0
5.4166665,25.0,0.0,0.0,0.0,0.0,0.0,0.0,0.0,0.0
5.5,0.0,0.008991607,0.0,14.064187,6.5535795E-7,0.0,0.0,5.0425007E-7,0.0
5.5,1.0,0.0,0.0,0.0,0.0,0.0,0.0,0.0,0.0
5.5,2.0,0.032064587,0.0,1.0833615E-4,0.00986299,0.0,0.0,0.0081556095,0.0
5.5,3.0,0.0075567425,0.0,1.06055224E-4,0.009681231,0.0,0.0,0.008003497,0.0
5.5,4.0,0.0052675884,0.0,1.06034924E-4,0.009690077,0.0,0.0,0.008010212,0.0
5.5,5.0,0.05381235,0.0,8.0955324E-5,0.0073941597,0.0,0.0,0.0061126333,0.0
5.5,6.0,0.6495557,0.0,1.8716545E-4,0.017072093,0.0,0.0,0.014111678,0.0
5.5,7.0,0.03581961,0.0,9.299239E-5,0.008476089,0.0,0.0,0.007008055,0.0
5.5,8.0,0.010321565,0.0,1.3288681E-4,0.012114408,0.0,0.0,0.010016294,0.0
5.5,9.0,0.10812146,0.0,1.2266962E-4,0.011180321,0.0,0.0,0.009243777,0.0
5.5,10.0,0.08988845,0.0,1.0583172E-4,0.009648484,0.0,0.0,0.007977361,0.0
5.5,11.0,0.121917725,0.0,1.08224296E-4,0.009855701,0.0,0.0,0.008148852,0.0
5.5,12.0,0.04065671,0.0,1.1001652E-4,0.010030926,0.0,0.0,0.008293501,0.0
5.5,13.0,0.09503215,0.0,1.1086324E-4,0.010112574,0.0,0.0,0.008361062,0.0
5.5,14.0,0.20872453,0.0,8.5090796E-5,0.007778047,0.0,0.0,0.006431507,0.0
5.5,15.0,0.0,0.0,0.0,0.0,0.0,0.0,0.0,0.0
5.5,16.0,0.0,0.0,0.0,0.0,0.0,0.0,0.0,0.0
5.5,17.0,0.0,0.0,0.0,0.0,0.0,0.0,0.0,0.0
5.5,18.0,0.0,0.0,0.0,0.0,0.0,0.0,0.0,0.0
5.5,19.0,0.0,0.0,0.0,0.0,0.0,0.0,0.0,0.0
5.5,20.0,0.0,0.0,0.0,0.0,0.0,0.0,0.0,0.0
5.5,21.0,0.0,0.0,0.0,0.0,0.0,0.0,0.0,0.0
5.5,22.0,0.0,0.0,0.0,0.0,0.0,0.0,0.0,0.0
5.5,23.0,0.0,0.0,0.0,0.0,0.0,0.0,0.0,0.0
5.5,24.0,0.0,0.0,0.0,0.0,0.0,0.0,0.0,0.0
5.5,25.0,0.0,0.0,0.0,0.0,0.0,0.0,0.0,0.0
5.5833335,0.0,0.008110706,0.0,14.0402155,6.40258E-7,0.0,0.0,4.9337734E-7,0.0
5.5833335,1.0,0.0,0.0,0.0,0.0,0.0,0.0,0.0,0.0
5.5833335,2.0,0.0033506725,0.0,1.0829473E-4,0.009862242,0.0,0.0,0.008154901,0.0
5.5833335,3.0,0.0051539256,0.0,1.08324646E-4,0.009889288,0.0,0.0,0.008175482,0.0
5.5833335,4.0,0.0,0.0,0.0,0.0,0.0875,0.0,0.0,0.0
5.5833335,5.0,0.0,0.0,0.0,0.0,0.059053652,0.0,0.0,0.0
5.5833335,6.0,0.0,0.0,0.0,0.0,0.10723428,0.0,0.0,0.0
5.5833335,7.0,0.0,0.0,0.0,0.0,0.083238214,0.0,0.0,0.0
5.5833335,8.0,0.0,0.0,0.0,0.0,0.093644165,0.0,0.0,0.0
5.5833335,9.0,0.0,0.0,0.0,0.0,0.08716615,0.0,0.0,0.0
5.5833335,10.0,0.0,0.0,0.0,0.0,0.08295629,0.0,0.0,0.0
5.5833335,11.0,0.0,0.0,0.0,0.0,0.09055379,0.0,0.0,0.0
5.5833335,12.0,0.0,0.0,0.0,0.0,0.08163621,0.0,0.0,0.0
5.5833335,13.0,0.0,0.0,0.0,0.0,0.09251167,0.0,0.0,0.0
5.5833335,14.0,0.0,0.0,0.0,0.0,0.11726154,0.0,0.0,0.0
5.5833335,15.0,0.0,0.0,0.0,0.0,0.0,0.0,0.0,0.0
5.5833335,16.0,0.0,0.0,0.0,0.0,0.0,0.0,0.0,0.0
5.5833335,17.0,0.0,0.0,0.0,0.0,0.0,0.0,0.0,0.0
5.5833335,18.0,0.0,0.0,0.0,0.0,0.0,0.0,0.0,0.0
5.5833335,19.0,0.0,0.0,0.0,0.0,0.0,0.0,0.0,0.0
5.5833335,20.0,0.0,0.0,0.0,0.0,0.0,0.0,0.0,0.0
5.5833335,21.0,0.0,0.0,0.0,0.0,0.0,0.0,0.0,0.0
5.5833335,22.0,0.0,0.0,0.0,0.0,0.0,0.0,0.0,0.0
5.5833335,23.0,0.0,0.0,0.0,0.0,0.0,0.0,0.0,0.0
5.5833335,24.0,0.0,0.0,0.0,0.0,0.0,0.0,0.0,0.0
5.5833335,25.0,0.0,0.0,0.0,0.0,0.0,0.0,0.0,0.0
5.6666665,0.0,0.007293018,3.3560585E-10,14.059966,6.0068163E-7,0.0,0.0,4.6281224E-7,0.0
5.6666665,1.0,0.054135587,0.0,1.0888266E-4,0.009372169,0.0,0.0,0.0077694436,0.0
5.6666665,2.0,0.0015512013,0.0,1.0827988E-4,0.009868441,0.0,0.0,0.008159516,0.0
5.6666665,3.0,6.3472457E-4,0.0,1.0826748E-4,0.009890795,0.0,0.0,0.008176753,0.0
5.6666665,4.0,0.0,0.0,0.0,0.0,0.0874961,0.0,0.0,0.0
5.6666665,5.0,0.0,0.0,0.0,0.0,0.044309836,0.0,0.0,0.0
5.6666665,6.0,0.0,0.0,0.0,0.0,0.09891547,0.0,0.0,0.0
5.6666665,7.0,0.0,0.0,0.0,0.0,0.08763393,0.0,0.0,0.0
5.6666665,8.0,0.0,0.0,0.0,0.0,0.08668156,0.0,0.0,0.0
5.6666665,9.0,0.0,0.0,0.0,0.0,0.06756498,0.0,0.0,0.0
5.6666665,10.0,0.0,0.0,0.0,0.0,0.1332437,0.0,0.0,0.0
5.6666665,11.0,0.0,0.0,0.0,0.0,0.08841398,0.0,0.0,0.0
5.6666665,12.0,0.0,0.0,0.0,0.0,0.08702532,0.0,0.0,0.0
5.6666665,13.0,0.0,0.0,0.0,0.0,0.09140782,0.0,0.0,0.0
5.6666665,14.0,0.0,0.0,0.0,0.0,0.09016846,0.0,0.0,0.0
5.6666665,15.0,0.0,0.0,0.0,0.0,0.0,0.0,0.0,0.0
5.6666665,16.0,0.0,0.0,0.0,0.0,0.0,0.0,0.0,0.0
5.6666665,17.0,0.0,0.0,0.0,0.0,0.0,0.0,0.0,0.0
5.6666665,18.0,0.0,0.0,0.0,0.0,0.0,0.0,0.0,0.0
5.6666665,19.0,0.0,0.0,0.0,0.0,0.0,0.0,0.0,0.0
5.6666665,20.0,0.0,0.0,0.0,0.0,0.0,0.0,0.0,0.0
5.6666665,21.0,0.0,0.0,0.0,0.0,0.0,0.0,0.0,0.0
5.6666665,22.0,0.0,0.0,0.0,0.0,0.0,0.0,0.0,0.0
5.6666665,23.0,0.0,0.0,0.0,0.0,0.0,0.0,0.0,0.0
5.6666665,24.0,0.0,0.0,0.0,0.0,0.0,0.0,0.0,0.0
5.6666665,25.0,0.0,0.0,0.0,0.0,0.0,0.0,0.0,0.0
5.75,0.0,0.6006445,0.0,6.9335327,5.3864685E-5,0.0,0.0,4.15754E-5,0.0
5.75,1.0,0.03948791,0.0,1.0824644E-4,0.009428103,0.0,0.0,0.007812787,0.0
5.75,2.0,0.0076457704,0.0,1.0829273E-4,0.009874503,0.0,0.0,0.008164307,0.0
5.75,3.0,0.0029686121,0.0,1.0828074E-4,0.009892397,0.0,0.0,0.008177646,0.0
5.75,4.0,0.0,0.0,0.0,0.0,0.0875,0.0,0.0,0.0
5.75,5.0,0.0,0.0,0.0,0.0,0.0875,0.0,0.0,0.0
5.75,6.0,0.0,0.0,0.0,0.0,0.0875,0.0,0.0,0.0
5.75,7.0,0.0,0.0,0.0,0.0,0.0875,0.0,0.0,0.0
5.75,8.0,0.0,0.0,0.0,0.0,0.0875,0.0,0.0,0.0
5.75,9.0,0.0,0.0,0.0,0.0,0.0875,0.0,0.0,0.0
5.75,10.0,0.0,0.0,0.0,0.0,0.0875,0.0,0.0,0.0
5.75,11.0,0.0,0.0,0.0,0.0,0.0875,0.0,0.0,0.0
5.75,12.0,0.0,0.0,0.0,0.0,0.0875,0.0,0.0,0.0
5.75,13.0,0.0,0.0,0.0,0.0,0.0875,0.0,0.0,0.0
5.75,14.0,0.0,0.0,0.0,0.0,0.0875,0.0,0.0,0.0
5.75,15.0,0.0,0.0,0.0,0.0,0.0,0.0,0.0,0.0
5.75,16.0,0.0,0.0,0.0,0.0,0.0,0.0,0.0,0.0
5.75,17.0,0.0,0.0,0.0,0.0,0.0,0.0,0.0,0.0
5.75,18.0,0.0,0.0,0.0,0.0,0.0,0.0,0.0,0.0
5.75,19.0,0.0,0.0,0.0,0.0,0.0,0.0,0.0,0.0
5.75,20.0,0.0,0.0,0.0,0.0,0.0,0.0,0.0,0.0
5.75,21.0,0.0,0.0,0.0,0.0,0.0,0.0,0.0,0.0
5.75,22.0,0.0,0.0,0.0,0.0,0.0,0.0,0.0,0.0
5.75,23.0,0.0,0.0,0.0,0.0,0.0,0.0,0.0,0.0
5.75,24.0,0.0,0.0,0.0,0.0,0.0,0.0,0.0,0.0
5.75,25.0,0.0,0.0,0.0,0.0,0.0,0.0,0.0,0.0
5.8333335,0.0,2.4078825,0.0,9.425072E-5,1.4449272E-4,0.0,0.0,1.1206349E-4,0.0
5.8333335,1.0,0.05877738,0.0,1.0879991E-4,0.009561159,0.0,0.0,0.007920186,0.0
5.8333335,2.0,0.007119822,0.0,1.0829227E-4,0.009878189,0.0,0.0,0.008167162,0.0
5.8333335,3.0,5.637364E-4,0.0,1.08286964E-4,0.009893716,0.0,0.0,0.00817886,0.0
5.8333335,4.0,0.036414273,0.12503514,1.0801241E-4,0.009892558,0.0,0.0,0.008177451,0.0
5.8333335,5.0,0.008839409,0.12499368,1.08312175E-4,0.009907899,0.0,0.0,0.008190005,0.0
5.8333335,6.0,0.023308551,0.12504683,1.0823161E-4,0.009888736,0.0,0.0,0.008174674,0.0
5.8333335,7.0,0.04683238,0.12502109,1.0833917E-4,0.009875923,0.0,0.0,0.008164913,0.0
5.8333335,8.0,0.015685938,0.1250607,1.0829852E-4,0.009874372,0.0,0.0,0.008164174,0.0
5.8333335,9.0,0.023079203,0.12499195,1.08329696E-4,0.009877047,0.0,0.0,0.008166531,0.0
5.8333335,10.0,0.46388337,0.12609154,1.0446105E-4,0.009555487,0.0,0.0,0.007901054,0.0
5.8333335,11.0,0.006716137,0.12499902,1.0831253E-4,0.009873508,0.0,0.0,0.008163337,0.0
5.8333335,12.0,0.08464567,0.12527807,1.0840922E-4,0.0098801805,0.0,0.0,0.008168832,0.0
5.8333335,13.0,0.042902306,0.12500435,1.0827456E-4,0.009866492,0.0,0.0,0.008157226,0.0
5.8333335,14.0,0.023201099,0.12501709,1.0827546E-4,0.00988508,0.0,0.0,0.00817265,0.0
5.8333335,15.0,0.0,0.0,0.0,0.0,0.0,0.0,0.0,0.0
5.8333335,16.0,0.0,0.0,0.0,0.0,0.0,0.0,0.0,0.0
5.8333335,17.0,0.0,0.0,0.0,0.0,0.0,0.0,0.0,0.0
5.8333335,18.0,0.0,0.0,0.0,0.0,0.0,0.0,0.0,0.0
5.8333335,19.0,0.0,0.0,0.0,0.0,0.0,0.0,0.0,0.0
5.8333335,20.0,0.0,0.0,0.0,0.0,0.0,0.0,0.0,0.0
5.8333335,21.0,0.0,0.0,0.0,0.0,0.0,0.0,0.0,0.0
5.8333335,22.0,0.0,0.0,0.0,0.0,0.0,0.0,0.0,0.0
5.8333335,23.0,0.0,0.0,0.0,0.0,0.0,0.0,0.0,0.0
5.8333335,24.0,0.0,0.0,0.0,0.0,0.0,0.0,0.0,0.0
5.8333335,25.0,0.0,0.0,0.0,0.0,0.0,0.0,0.0,0.0
5.9166665,0.0,3.2473655,0.0,1.2114967E-4,4.6121006E-4,0.0,0.0,3.64407E-4,0.0
5.9166665,1.0,0.014904339,0.0,1.08284956E-4,0.00958228,0.0,0.0,0.007935901,0.0
5.9166665,2.0,0.015261424,0.0,1.083051E-4,0.009881739,0.0,0.0,0.008169773,0.0
5.9166665,3.0,0.00845625,0.0,1.08308166E-4,0.00989491,0.0,0.0,0.008179639,0.0
5.9166665,4.0,0.008975094,0.0,1.08301385E-4,0.00989873,0.0,0.0,0.008182543,0.0
5.9166665,5.0,1.0364202E-4,0.0,1.0827689E-4,0.009901753,0.0,0.0,0.008184722,0.0
5.9166665,6.0,0.01932599,0.0,1.0829898E-4,0.009896427,0.0,0.0,0.0081810355,0.0
5.9166665,7.0,0.032234967,0.0,1.08284476E-4,0.009878011,0.0,0.0,0.008166754,0.0
5.9166665,8.0,0.012086908,0.0,1.0829363E-4,0.009876269,0.0,0.0,0.008165655,0.0
5.9166665,9.0,0.061093118,0.0,1.08342814E-4,0.009888754,0.0,0.0,0.008175721,0.0
5.9166665,10.0,0.5870551,0.0,1.0875389E-4,0.009917095,0.0,0.0,0.008199592,0.0
5.9166665,11.0,0.05856072,0.0,1.0830576E-4,0.009874822,0.0,0.0,0.008164312,0.0
5.9166665,12.0,0.15328427,0.0,1.0644724E-4,0.009706334,0.0,0.0,0.008024949,0.0
5.9166665,13.0,0.06531004,0.0,1.0832697E-4,0.009892707,0.0,0.0,0.008178869,0.0
5.9166665,14.0,0.038214013,0.0,1.0826917E-4,0.009879341,0.0,0.0,0.00816801,0.0
5.9166665,15.0,0.0,0.0,0.0,0.0,0.0,0.0,0.0,0.0
5.9166665,16.0,0.0,0.0,0.0,0.0,0.0,0.0,0.0,0.0
5.9166665,17.0,0.0,0.0,0.0,0.0,0.0,0.0,0.0,0.0
5.9166665,18.0,0.0,0.0,0.0,0.0,0.0,0.0,0.0,0.0
5.9166665,19.0,0.0,0.0,0.0,0.0,0.0,0.0,0.0,0.0
5.9166665,20.0,0.0,0.0,0.0,0.0,0.0,0.0,0.0,0.0
5.9166665,21.0,0.0,0.0,0.0,0.0,0.0,0.0,0.0,0.0
5.9166665,22.0,0.0,0.0,0.0,0.0,0.0,0.0,0.0,0.0
5.9166665,23.0,0.0,0.0,0.0,0.0,0.0,0.0,0.0,0.0
5.9166665,24.0,0.0,0.0,0.0,0.0,0.0,0.0,0.0,0.0
5.9166665,25.0,0.0,0.0,0.0,0.0,0.0,0.0,0.0,0.0
6.0,0.0,2.7201393,0.0,1.0636978E-4,8.4673736E-4,0.0,0.0,6.791993E-4,0.0
6.0,1.0,0.023220733,0.0,1.08397835E-4,0.009647183,0.0,0.0,0.0079873465,0.0
6.0,2.0,0.028121848,0.0,1.0830564E-4,0.0098869195,0.0,0.0,0.008173706,0.0
6.0,3.0,0.018834502,0.0,1.08295004E-4,0.009896464,0.0,0.0,0.00818074,0.0
6.0,4.0,4.4847062E-4,0.0,1.0828685E-4,0.009898667,0.0,0.0,0.008182389,0.0
6.0,5.0,0.011505289,0.0,1.0828358E-4,0.009901613,0.0,0.0,0.008184789,0.0
6.0,6.0,0.020621208,0.0,1.0827919E-4,0.009896558,0.0,0.0,0.0081810085,0.0
6.0,7.0,0.051760226,0.0,1.0829866E-4,0.009880795,0.0,0.0,0.008169046,0.0
6.0,8.0,0.008099885,0.0,1.0829927E-4,0.009877224,0.0,0.0,0.008166318,0.0
6.0,9.0,0.043928646,0.0,1.0864556E-4,0.009915199,0.0,0.0,0.00819734,0.0
6.0,10.0,0.9409583,0.0,1.1564381E-4,0.010524939,0.0,0.0,0.008706379,0.0
6.0,11.0,0.08841231,0.0,1.0840848E-4,0.009887364,0.0,0.0,0.008174683,0.0
6.0,12.0,0.19247755,0.0,1.0938234E-4,0.009974132,0.0,0.0,0.008246251,0.0
6.0,13.0,0.18745536,0.0,1.0585562E-4,0.009657567,0.0,0.0,0.007984495,0.0
6.0,14.0,0.07159224,0.0,1.08289474E-4,0.009882598,0.0,0.0,0.008170648,0.0
6.0,15.0,0.0,0.0,0.0,0.0,0.0,0.0,0.0,0.0
6.0,16.0,0.0,0.0,0.0,0.0,0.0,0.0,0.0,0.0
6.0,17.0,0.0,0.0,0.0,0.0,0.0,0.0,0.0,0.0
6.0,18.0,0.0,0.0,0.0,0.0,0.0,0.0,0.0,0.0
6.0,19.0,0.0,0.0,0.0,0.0,0.0,0.0,0.0,0.0
6.0,20.0,0.0,0.0,0.0,0.0,0.0,0.0,0.0,0.0
6.0,21.0,0.0,0.0,0.0,0.0,0.0,0.0,0.0,0.0
6.0,22.0,0.0,0.0,0.0,0.0,0.0,0.0,0.0,0.0
6.0,23.0,0.0,0.0,0.0,0.0,0.0,0.0,0.0,0.0
6.0,24.0,0.0,0.0,0.0,0.0,0.0,0.0,0.0,0.0
6.0,25.0,0.0,0.0,0.0,0.0,0.0,0.0,0.0,0.0
6.0833335,0.0,2.335539,0.0,1.1579681E-4,0.0021480317,0.0,0.0,0.0015633604,0.0
6.0833335,1.0,0.0038899442,0.0,1.08312175E-4,0.01100184,0.0,0.0,0.007968581,0.0
6.0833335,2.0,0.06882343,0.0,1.08325E-4,0.011224536,0.0,0.0,0.008125615,0.0
6.0833335,3.0,8.243948E-4,0.0,1.082829E-4,0.0112374555,0.0,0.0,0.008134764,0.0
6.0833335,4.0,0.0012329605,0.0,1.08276465E-4,0.011240253,0.0,0.0,0.008136853,0.0
6.0833335,5.0,2.7162762E-4,0.0,1.0823627E-4,0.011236576,0.0,0.0,0.00813403,0.0
6.0833335,6.0,0.2268465,0.0,1.0839975E-4,0.011270769,0.0,0.0,0.008158717,0.0
6.0833335,7.0,1.3117107,0.0,1.1087297E-4,0.011488376,0.0,0.0,0.0083143255,0.0
6.0833335,8.0,0.023687577,0.0,1.0825828E-4,0.011217876,0.0,0.0,0.008121015,0.0
6.0833335,9.0,0.105409026,0.0,1.08339926E-4,0.011226704,0.0,0.0,0.00812727,0.0
6.0833335,10.0,0.2394185,0.0,1.1115582E-4,0.01147392,0.0,0.0,0.008306573,0.0
6.0833335,11.0,0.11639707,0.0,1.0842336E-4,0.011226824,0.0,0.0,0.00812724,0.0
6.0833335,12.0,0.11208124,0.0,1.091353E-4,0.011328489,0.0,0.0,0.008201133,0.0
6.0833335,13.0,0.42095742,0.0,1.0186125E-4,0.010662764,0.0,0.0,0.0077191144,0.0
6.0833335,14.0,0.2310935,0.0,1.0881712E-4,0.011290323,0.0,0.0,0.008173971,0.0
6.0833335,15.0,0.0,0.0,0.0,0.0,0.0,0.0,0.0,0.0
6.0833335,16.0,0.0,0.0,0.0,0.0,0.0,0.0,0.0,0.0
6.0833335,17.0,0.0,0.0,0.0,0.0,0.0,0.0,0.0,0.0
6.0833335,18.0,0.0,0.0,0.0,0.0,0.0,0.0,0.0,0.0
6.0833335,19.0,0.0,0.0,0.0,0.0,0.0,0.0,0.0,0.0
6.0833335,20.0,0.0,0.0,0.0,0.0,0.0,0.0,0.0,0.0
6.0833335,21.0,0.0,0.0,0.0,0.0,0.0,0.0,0.0,0.0
6.0833335,22.0,0.0,0.0,0.0,0.0,0.0,0.0,0.0,0.0
6.0833335,23.0,0.0,0.0,0.0,0.0,0.0,0.0,0.0,0.0
6.0833335,24.0,0.0,0.0,0.0,0.0,0.0,0.0,0.0,0.0
6.0833335,25.0,0.0,0.0,0.0,0.0,0.0,0.0,0.0,0.0
6.1666665,0.0,1.2302026,0.0,9.6400865E-5,0.0055636405,0.0,0.0,0.0040486585,0.0
6.1666665,1.0,0.027255516,0.0,1.0829344E-4,0.011046629,0.0,0.0,0.008000261,0.0
6.1666665,2.0,0.032847416,0.0,1.0830904E-4,0.011234992,0.0,0.0,0.008133137,0.0
6.1666665,3.0,0.010209834,0.0,1.0826701E-4,0.011238304,0.0,0.0,0.008135437,0.0
6.1666665,4.0,0.0039251167,0.0,1.0828304E-4,0.011240871,0.0,0.0,0.008137274,0.0
6.1666665,5.0,2.0690395E-8,0.0,1.0828671E-4,0.011242961,0.0,0.0,0.008138622,0.0
6.1666665,6.0,0.43146423,0.0,1.06374726E-4,0.010974298,0.0,0.0,0.007944098,0.0
6.1666665,7.0,0.08515143,0.0,1.4196386E-4,0.014713004,0.0,0.0,0.010651052,0.0
6.1666665,8.0,0.14225957,0.0,1.058164E-4,0.010956969,0.0,0.0,0.007932055,0.0
6.1666665,9.0,0.094052866,0.0,9.631983E-5,0.009978426,0.0,0.0,0.007223253,0.0
6.1666665,10.0,0.060888384,0.0,1.5887465E-4,0.016465444,0.0,0.0,0.011920011,0.0
6.1666665,11.0,0.047787167,0.0,7.031953E-5,0.0072792736,0.0,0.0,0.0052697533,0.0
6.1666665,12.0,0.06504761,0.0,2.3972058E-4,0.024837555,0.0,0.0,0.017981032,0.0
6.1666665,13.0,0.04900465,0.0,1.1449372E-4,0.011863578,0.0,0.0,0.008588459,0.0
6.1666665,14.0,0.035207946,0.0,1.08664426E-4,0.0112580815,0.0,0.0,0.008150023,0.0
6.1666665,15.0,0.0,0.0,0.0,0.0,0.0,0.0,0.0,0.0
6.1666665,16.0,0.0,0.0,0.0,0.0,0.0,0.0,0.0,0.0
6.1666665,17.0,0.0,0.0,0.0,0.0,0.0,0.0,0.0,0.0
6.1666665,18.0,0.0,0.0,0.0,0.0,0.0,0.0,0.0,0.0
6.1666665,19.0,0.0,0.0,0.0,0.0,0.0,0.0,0.0,0.0
6.1666665,20.0,0.0,0.0,0.0,0.0,0.0,0.0,0.0,0.0
6.1666665,21.0,0.0,0.0,0.0,0.0,0.0,0.0,0.0,0.0
6.1666665,22.0,0.0,0.0,0.0,0.0,0.0,0.0,0.0,0.0
6.1666665,23.0,0.0,0.0,0.0,0.0,0.0,0.0,0.0,0.0
6.1666665,24.0,0.0,0.0,0.0,0.0,0.0,0.0,0.0,0.0
6.1666665,25.0,0.0,0.0,0.0,0.0,0.0,0.0,0.0,0.0
6.25,0.0,0.013863677,0.0,7.6937437,0.004463976,0.0,0.0,0.0032447998,0.0
6.25,1.0,0.013677366,0.0,1.0832142E-4,0.011082185,0.0,0.0,0.008025387,0.0
6.25,2.0,NaN,NaN,NaN,NaN,NaN,NaN,NaN,NaN
6.25,3.0,0.006310693,0.0,9.628121E-5,0.009991423,0.0,0.0,0.007232899,0.0
6.25,4.0,7.705782E-4,0.0,1.14143106E-4,0.011847495,0.0,0.0,0.008576349,0.0
6.25,5.0,0.004965212,0.0,1.1141206E-4,0.011568801,0.0,0.0,0.008374551,0.0
6.25,6.0,0.07391613,0.0,1.0823106E-4,0.011227324,0.0,0.0,0.00812745,0.0
6.25,7.0,0.045355584,0.0,1.10804474E-4,0.011491479,0.0,0.0,0.008318765,0.0
6.25,8.0,0.014525027,0.0,1.0823208E-4,0.011210283,0.0,0.0,0.008115498,0.0
6.25,9.0,0.06715927,0.0,1.08525615E-4,0.011247191,0.0,0.0,0.0081418585,0.0
6.25,10.0,0.18946533,0.0,1.0923214E-4,0.0113147665,0.0,0.0,0.008191395,0.0
6.25,11.0,0.031953305,0.0,9.2198854E-5,0.009550549,0.0,0.0,0.006914004,0.0
6.25,12.0,0.36880168,0.0,1.1397317E-4,0.011797363,0.0,0.0,0.008540653,0.0
6.25,13.0,0.003956475,0.0,1.07157735E-4,0.011102238,0.0,0.0,0.00803721,0.0
6.25,14.0,0.039899908,0.0,7.774667E-5,0.008050412,0.0,0.0,0.0058280597,0.0
6.25,15.0,0.0,0.0,0.0,0.0,0.0,0.0,0.0,0.0
6.25,16.0,0.0,0.0,0.0,0.0,0.0,0.0,0.0,0.0
6.25,17.0,0.0,0.0,0.0,0.0,0.0,0.0,0.0,0.0
6.25,18.0,0.0,0.0,0.0,0.0,0.0,0.0,0.0,0.0
6.25,19.0,0.0,0.0,0.0,0.0,0.0,0.0,0.0,0.0
6.25,20.0,0.0,0.0,0.0,0.0,0.0,0.0,0.0,0.0
6.25,21.0,0.0,0.0,0.0,0.0,0.0,0.0,0.0,0.0
6.25,22.0,0.0,0.0,0.0,0.0,0.0,0.0,0.0,0.0
6.25,23.0,0.0,0.0,0.0,0.0,0.0,0.0,0.0,0.0
6.25,24.0,0.0,0.0,0.0,0.0,0.0,0.0,0.0,0.0
6.25,25.0,0.0,0.0,0.0,0.0,0.0,0.0,0.0,0.0
6.3333335,0.0,0.006341466,0.0,14.563347,3.811509E-7,0.0,0.0,2.7335366E-7,0.0
6.3333335,1.0,NaN,NaN,NaN,NaN,NaN,NaN,NaN,NaN
6.3333335,2.0,0.0,0.0,0.0,0.0,0.0,0.0,0.0,0.0
6.3333335,3.0,0.09581767,0.0,1.0838236E-4,0.01125488,0.0,0.0,0.008147396,0.0
6.3333335,4.0,0.0015139556,0.0,5.9538932E-5,0.006178853,0.0,0.0,0.004472899,0.0
6.3333335,5.0,0.062917165,0.0,0.0013084617,0.13581064,0.0,0.0,0.098314576,0.0
6.3333335,6.0,0.10242477,0.0,1.07431595E-4,0.011149448,0.0,0.0,0.0080709895,0.0
6.3333335,7.0,0.06200472,0.0,9.926619E-5,0.010299366,0.0,0.0,0.007455658,0.0
6.3333335,8.0,0.13846499,0.0,1.175035E-4,0.012170544,0.0,0.0,0.008810784,0.0
6.3333335,9.0,0.19943154,0.0,1.09579334E-4,0.011335076,0.0,0.0,0.0082059065,0.0
6.3333335,10.0,0.13907124,0.0,9.104489E-5,0.009438418,0.0,0.0,0.006833821,0.0
6.3333335,11.0,0.18986747,0.0,1.3539942E-4,0.014021342,0.0,0.0,0.010150557,0.0
6.3333335,12.0,0.048300054,0.0,9.566883E-5,0.009904124,0.0,0.0,0.0071700267,0.0
6.3333335,13.0,0.07636109,0.0,1.8207799E-4,0.018862713,0.0,0.0,0.013655384,0.0
6.3333335,14.0,0.897223,0.0,9.935137E-5,0.01040961,0.0,0.0,0.0075357873,0.0
6.3333335,15.0,0.0,0.0,0.0,0.0,0.0,0.0,0.0,0.0
6.3333335,16.0,0.0,0.0,0.0,0.0,0.0,0.0,0.0,0.0
6.3333335,17.0,0.0,0.0,0.0,0.0,0.0,0.0,0.0,0.0
6.3333335,18.0,0.0,0.0,0.0,0.0,0.0,0.0,0.0,0.0
6.3333335,19.0,0.0,0.0,0.0,0.0,0.0,0.0,0.0,0.0
6.3333335,20.0,0.0,0.0,0.0,0.0,0.0,0.0,0.0,0.0
6.3333335,21.0,0.0,0.0,0.0,0.0,0.0,0.0,0.0,0.0
6.3333335,22.0,0.0,0.0,0.0,0.0,0.0,0.0,0.0,0.0
6.3333335,23.0,0.0,0.0,0.0,0.0,0.0,0.0,0.0,0.0
6.3333335,24.0,0.0,0.0,0.0,0.0,0.0,0.0,0.0,0.0
6.3333335,25.0,0.0,0.0,0.0,0.0,0.0,0.0,0.0,0.0
6.4166665,0.0,0.00504455,0.0,13.914337,5.885208E-7,0.0,0.0,4.223799E-7,0.0
6.4166665,1.0,0.029011711,0.0,1.0828351E-4,0.010659577,0.0,0.0,0.0077260025,0.0
6.4166665,2.0,0.0,0.0,0.0,0.0,0.0,0.0,0.0,0.0
6.4166665,3.0,0.009231906,0.0,1.0827879E-4,0.0112349875,0.0,0.0,0.008133064,0.0
6.4166665,4.0,0.00163862,0.0,1.0785527E-4,0.011195162,0.0,0.0,0.008104268,0.0
6.4166665,5.0,0.009526602,0.0,1.0835309E-4,0.011246368,0.0,0.0,0.008141127,0.0
6.4166665,6.0,0.041736066,0.0,9.97727E-5,0.01035425,0.0,0.0,0.007495444,0.0
6.4166665,7.0,1.7704448,0.0,3.691231E-4,0.038433272,0.0,0.0,0.027821625,0.0
6.4166665,8.0,0.04362847,0.0,9.548071E-5,0.0098973205,0.0,0.0,0.0071650436,0.0
6.4166665,9.0,0.049068335,0.0,1.21479694E-4,0.012592569,0.0,0.0,0.009116109,0.0
6.4166665,10.0,0.030707309,0.0,1.6406928E-4,0.017008565,0.0,0.0,0.012312991,0.0
6.4166665,11.0,0.15868366,0.0,1.12243106E-4,0.011625551,0.0,0.0,0.008416148,0.0
6.4166665,12.0,0.13758169,0.0,1.0717602E-4,0.011099284,0.0,0.0,0.008034998,0.0
6.4166665,13.0,0.08861352,0.0,1.09613095E-4,0.011347354,0.0,0.0,0.008214745,0.0
6.4166665,14.0,0.008447578,0.0,1.0866916E-4,0.011257593,0.0,0.0,0.008149813,0.0
6.4166665,15.0,0.0,0.0,0.0,0.0,0.0,0.0,0.0,0.0
6.4166665,16.0,0.0,0.0,0.0,0.0,0.0,0.0,0.0,0.0
6.4166665,17.0,0.0,0.0,0.0,0.0,0.0,0.0,0.0,0.0
6.4166665,18.0,0.0,0.0,0.0,0.0,0.0,0.0,0.0,0.0
6.4166665,19.0,0.0,0.0,0.0,0.0,0.0,0.0,0.0,0.0
6.4166665,20.0,0.0,0.0,0.0,0.0,0.0,0.0,0.0,0.0
6.4166665,21.0,0.0,0.0,0.0,0.0,0.0,0.0,0.0,0.0
6.4166665,22.0,0.0,0.0,0.0,0.0,0.0,0.0,0.0,0.0
6.4166665,23.0,0.0,0.0,0.0,0.0,0.0,0.0,0.0,0.0
6.4166665,24.0,0.0,0.0,0.0,0.0,0.0,0.0,0.0,0.0
6.4166665,25.0,0.0,0.0,0.0,0.0,0.0,0.0,0.0,0.0
6.5,0.0,0.009261193,3.3139244E-7,13.768005,8.1345695E-7,0.0,0.0,5.8438246E-7,0.0
6.5,1.0,0.022701837,0.0,1.0834473E-4,0.010763929,0.0,0.0,0.0077999933,0.0
6.5,2.0,0.0,0.0,0.0,0.0,0.0,0.0,0.0,0.0
6.5,3.0,0.0154513335,0.0,1.0831199E-4,0.011236579,0.0,0.0,0.008134135,0.0
6.5,4.0,0.003516133,0.0,1.0827542E-4,0.011240812,0.0,0.0,0.008137061,0.0
6.5,5.0,8.604876E-4,0.0,1.05697014E-4,0.010972843,0.0,0.0,0.007943164,0.0
6.5,6.0,0.018307311,0.0,1.05525716E-4,0.01095436,0.0,0.0,0.007929826,0.0
6.5,7.0,0.029523032,0.0,1.7204779E-4,0.017846508,0.0,0.0,0.012919357,0.0
6.5,8.0,0.1765839,0.0,6.7261375E-5,0.006983738,0.0,0.0,0.005055846,0.0
6.5,9.0,0.020966712,0.0,1.5034329E-4,0.015583151,0.0,0.0,0.011281036,0.0
6.5,10.0,0.17071256,0.0,1.5140595E-4,0.015682284,0.0,0.0,0.0113527365,0.0
6.5,11.0,0.10157506,0.0,9.69594E-5,0.010044441,0.0,0.0,0.0072714654,0.0
6.5,12.0,0.12985674,0.0,1.13046204E-4,0.011713118,0.0,0.0,0.008479593,0.0
6.5,13.0,0.4253773,0.0,1.1398307E-4,0.011834016,0.0,0.0,0.008567149,0.0
6.5,14.0,0.006107909,0.0,1.0017664E-4,0.010378508,0.0,0.0,0.0075133843,0.0
6.5,15.0,0.0,0.0,0.0,0.0,0.0,0.0,0.0,0.0
6.5,16.0,0.0,0.0,0.0,0.0,0.0,0.0,0.0,0.0
6.5,17.0,0.0,0.0,0.0,0.0,0.0,0.0,0.0,0.0
6.5,18.0,0.0,0.0,0.0,0.0,0.0,0.0,0.0,0.0
6.5,19.0,0.0,0.0,0.0,0.0,0.0,0.0,0.0,0.0
6.5,20.0,0.0,0.0,0.0,0.0,0.0,0.0,0.0,0.0
6.5,21.0,0.0,0.0,0.0,0.0,0.0,0.0,0.0,0.0
6.5,22.0,0.0,0.0,0.0,0.0,0.0,0.0,0.0,0.0
6.5,23.0,0.0,0.0,0.0,0.0,0.0,0.0,0.0,0.0
6.5,24.0,0.0,0.0,0.0,0.0,0.0,0.0,0.0,0.0
6.5,25.0,0.0,0.0,0.0,0.0,0.0,0.0,0.0,0.0
6.5833335,0.0,0.008095672,1.439923E-6,14.0307045,7.7086094E-7,0.0,0.0,5.5417047E-7,0.0
6.5833335,1.0,0.051104255,0.0,1.0312816E-4,0.010307423,0.0,0.0,0.007468173,0.0
6.5833335,2.0,0.0,0.0,0.0,0.0,0.0,0.0,0.0,0.0
6.5833335,3.0,0.011394541,0.0,1.08274435E-4,0.011238126,0.0,0.0,0.008135273,0.0
6.5833335,4.0,0.0,0.0,0.0,0.0,0.0875,0.0,0.0,0.0
6.5833335,5.0,0.0,0.0,0.0,0.0,0.0875,0.0,0.0,0.0
6.5833335,6.0,0.0,0.0,0.0,0.0,0.068049185,0.0,0.0,0.0
6.5833335,7.0,0.0,0.0,0.0,0.0,0.32374865,0.0,0.0,0.0
6.5833335,8.0,0.0,0.0,0.0,0.0,0.085271105,0.0,0.0,0.0
6.5833335,9.0,0.0,0.0,0.0,0.0,0.08786811,0.0,0.0,0.0
6.5833335,10.0,0.0,0.0,0.0,0.0,0.08734588,0.0,0.0,0.0
6.5833335,11.0,0.0,0.0,0.0,0.0,0.072601244,0.0,0.0,0.0
6.5833335,12.0,0.0,0.0,0.0,0.0,0.0927297,0.0,0.0,0.0
6.5833335,13.0,0.0,0.0,0.0,0.0,0.0717695,0.0,0.0,0.0
6.5833335,14.0,0.0,0.0,0.0,0.0,0.21342468,0.0,0.0,0.0
6.5833335,15.0,0.0,0.0,0.0,0.0,0.0,0.0,0.0,0.0
6.5833335,16.0,0.0,0.0,0.0,0.0,0.0,0.0,0.0,0.0
6.5833335,17.0,0.0,0.0,0.0,0.0,0.0,0.0,0.0,0.0
6.5833335,18.0,0.0,0.0,0.0,0.0,0.0,0.0,0.0,0.0
6.5833335,19.0,0.0,0.0,0.0,0.0,0.0,0.0,0.0,0.0
6.5833335,20.0,0.0,0.0,0.0,0.0,0.0,0.0,0.0,0.0
6.5833335,21.0,0.0,0.0,0.0,0.0,0.0,0.0,0.0,0.0
6.5833335,22.0,0.0,0.0,0.0,0.0,0.0,0.0,0.0,0.0
6.5833335,23.0,0.0,0.0,0.0,0.0,0.0,0.0,0.0,0.0
6.5833335,24.0,0.0,0.0,0.0,0.0,0.0,0.0,0.0,0.0
6.5833335,25.0,0.0,0.0,0.0,0.0,0.0,0.0,0.0,0.0
6.6666665,0.0,0.0074447724,7.450172E-7,13.940098,7.431229E-7,0.0,0.0,5.343002E-7,0.0
6.6666665,1.0,0.23094489,0.0,1.0928653E-4,0.010971431,0.0,0.0,0.007948362,0.0
6.6666665,2.0,0.005489891,0.0,1.0827738E-4,0.011176437,0.0,0.0,0.008091687,0.0
6.6666665,3.0,0.035714608,0.0,1.08292836E-4,0.011240656,0.0,0.0,0.008137179,0.0
6.6666665,4.0,0.0,0.0,0.0,0.0,0.0875,0.0,0.0,0.0
6.6666665,5.0,0.0,0.0,0.0,0.0,0.0875,0.0,0.0,0.0
6.6666665,6.0,0.0,0.0,0.0,0.0,0.0443828,0.0,0.0,0.0
6.6666665,7.0,0.0,0.0,0.0,0.0,0.1351589,0.0,0.0,0.0
6.6666665,8.0,0.0,0.0,0.0,0.0,0.0884526,0.0,0.0,0.0
6.6666665,9.0,0.0,0.0,0.0,0.0,0.08691541,0.0,0.0,0.0
6.6666665,10.0,0.0,0.0,0.0,0.0,0.08751931,0.0,0.0,0.0
6.6666665,11.0,0.0,0.0,0.0,0.0,0.08211332,0.0,0.0,0.0
6.6666665,12.0,0.0,0.0,0.0,0.0,0.09010367,0.0,0.0,0.0
6.6666665,13.0,0.0,0.0,0.0,0.0,0.0875,0.0,0.0,0.0
6.6666665,14.0,0.0,0.0,0.0,0.0,0.078202344,0.0,0.0,0.0
6.6666665,15.0,0.0,0.0,0.0,0.0,0.0,0.0,0.0,0.0
6.6666665,16.0,0.0,0.0,0.0,0.0,0.0,0.0,0.0,0.0
6.6666665,17.0,0.0,0.0,0.0,0.0,0.0,0.0,0.0,0.0
6.6666665,18.0,0.0,0.0,0.0,0.0,0.0,0.0,0.0,0.0
6.6666665,19.0,0.0,0.0,0.0,0.0,0.0,0.0,0.0,0.0
6.6666665,20.0,0.0,0.0,0.0,0.0,0.0,0.0,0.0,0.0
6.6666665,21.0,0.0,0.0,0.0,0.0,0.0,0.0,0.0,0.0
6.6666665,22.0,0.0,0.0,0.0,0.0,0.0,0.0,0.0,0.0
6.6666665,23.0,0.0,0.0,0.0,0.0,0.0,0.0,0.0,0.0
6.6666665,24.0,0.0,0.0,0.0,0.0,0.0,0.0,0.0,0.0
6.6666665,25.0,0.0,0.0,0.0,0.0,0.0,0.0,0.0,0.0
6.75,0.0,0.8495113,0.0,6.956789,5.992906E-5,0.0,0.0,4.3106887E-5,0.0
6.75,1.0,1.0703785,0.0,1.288721E-4,0.013182231,0.0,0.0,0.009548724,0.0
6.75,2.0,0.0013114226,0.0,1.08287E-4,0.01118672,0.0,0.0,0.008099006,0.0
6.75,3.0,0.05824973,0.0,1.0829964E-4,0.011244916,0.0,0.0,0.008140163,0.0
6.75,4.0,0.0,0.0,0.0,0.0,0.0875,0.0,0.0,0.0
6.75,5.0,0.0,0.0,0.0,0.0,0.0875,0.0,0.0,0.0
6.75,6.0,0.0,0.0,0.0,0.0,0.0875,0.0,0.0,0.0
6.75,7.0,0.0,0.0,0.0,0.0,0.0875,0.0,0.0,0.0
6.75,8.0,0.0,0.0,0.0,0.0,0.0875,0.0,0.0,0.0
6.75,9.0,0.0,0.0,0.0,0.0,0.0875,0.0,0.0,0.0
6.75,10.0,0.0,0.0,0.0,0.0,0.0875,0.0,0.0,0.0
6.75,11.0,0.0,0.0,0.0,0.0,0.0875,0.0,0.0,0.0
6.75,12.0,0.0,0.0,0.0,0.0,0.0875,0.0,0.0,0.0
6.75,13.0,0.0,0.0,0.0,0.0,0.0875,0.0,0.0,0.0
6.75,14.0,0.0,0.0,0.0,0.0,0.0875,0.0,0.0,0.0
6.75,15.0,0.0,0.0,0.0,0.0,0.0,0.0,0.0,0.0
6.75,16.0,0.0,0.0,0.0,0.0,0.0,0.0,0.0,0.0
6.75,17.0,0.0,0.0,0.0,0.0,0.0,0.0,0.0,0.0
6.75,18.0,0.0,0.0,0.0,0.0,0.0,0.0,0.0,0.0
6.75,19.0,0.0,0.0,0.0,0.0,0.0,0.0,0.0,0.0
6.75,20.0,0.0,0.0,0.0,0.0,0.0,0.0,0.0,0.0
6.75,21.0,0.0,0.0,0.0,0.0,0.0,0.0,0.0,0.0
6.75,22.0,0.0,0.0,0.0,0.0,0.0,0.0,0.0,0.0
6.75,23.0,0.0,0.0,0.0,0.0,0.0,0.0,0.0,0.0
6.75,24.0,0.0,0.0,0.0,0.0,0.0,0.0,0.0,0.0
6.75,25.0,0.0,0.0,0.0,0.0,0.0,0.0,0.0,0.0
6.8333335,0.0,1.9635235,0.0,9.738274E-5,2.363856E-4,0.0,0.0,1.7080973E-4,0.0
6.8333335,1.0,0.0117092235,0.0,1.08296845E-4,0.0110030165,0.0,0.0,0.007969356,0.0
6.8333335,2.0,0.023229638,0.0,1.08292086E-4,0.011196657,0.0,0.0,0.008106103,0.0
6.8333335,3.0,0.007060173,0.0,1.08266715E-4,0.011239823,0.0,0.0,0.008136477,0.0
6.8333335,4.0,0.0,0.12503386,1.0823147E-4,0.011222326,0.0,0.0,0.008122831,0.0
6.8333335,5.0,3.8146212E-5,0.124997966,1.0813357E-4,0.011243502,0.0,0.0,0.008139162,0.0
6.8333335,6.0,0.0,0.12497433,1.0821851E-4,0.011258416,0.0,0.0,0.0081498725,0.0
6.8333335,7.0,0.008617197,0.12499942,1.0835282E-4,0.011246048,0.0,0.0,0.008140831,0.0
6.8333335,8.0,0.5327734,0.13075614,1.11088935E-4,0.011453127,0.0,0.0,0.008291033,0.0
6.8333335,9.0,0.03607807,0.12503679,1.0837208E-4,0.011218701,0.0,0.0,0.008120855,0.0
6.8333335,10.0,0.008571348,0.12501398,1.08249165E-4,0.01122311,0.0,0.0,0.008124542,0.0
6.8333335,11.0,0.1981599,0.12496509,1.11745605E-4,0.0115836,0.0,0.0,0.008385303,0.0
6.8333335,12.0,0.057416018,0.12503774,1.0765978E-4,0.011142726,0.0,0.0,0.008066516,0.0
6.8333335,13.0,0.08651165,0.1250482,1.07893204E-4,0.011171638,0.0,0.0,0.00808734,0.0
6.8333335,14.0,0.007740244,0.12454908,1.0800634E-4,0.011197612,0.0,0.0,0.008106929,0.0
6.8333335,15.0,0.0,0.0,0.0,0.0,0.0,0.0,0.0,0.0
6.8333335,16.0,0.0,0.0,0.0,0.0,0.0,0.0,0.0,0.0
6.8333335,17.0,0.0,0.0,0.0,0.0,0.0,0.0,0.0,0.0
6.8333335,18.0,0.0,0.0,0.0,0.0,0.0,0.0,0.0,0.0
6.8333335,19.0,0.0,0.0,0.0,0.0,0.0,0.0,0.0,0.0
6.8333335,20.0,0.0,0.0,0.0,0.0,0.0,0.0,0.0,0.0
6.8333335,21.0,0.0,0.0,0.0,0.0,0.0,0.0,0.0,0.0
6.8333335,22.0,0.0,0.0,0.0,0.0,0.0,0.0,0.0,0.0
6.8333335,23.0,0.0,0.0,0.0,0.0,0.0,0.0,0.0,0.0
6.8333335,24.0,0.0,0.0,0.0,0.0,0.0,0.0,0.0,0.0
6.8333335,25.0,0.0,0.0,0.0,0.0,0.0,0.0,0.0,0.0
6.9166665,0.0,3.0677996,0.0,8.458103E-5,0.0015864295,0.0,0.0,0.0011564649,0.0
6.9166665,1.0,0.71175265,0.0,1.1114438E-4,0.011383699,0.0,0.0,0.008244989,0.0
6.9166665,2.0,0.0046313102,0.0,1.0826621E-4,0.011203263,0.0,0.0,0.0081107775,0.0
6.9166665,3.0,0.010339515,0.0,1.08292974E-4,0.011241417,0.0,0.0,0.008137813,0.0
6.9166665,4.0,0.022650624,0.0,1.0829919E-4,0.011241129,0.0,0.0,0.008137619,0.0
6.9166665,5.0,0.0,0.0,1.0828687E-4,0.011242454,0.0,0.0,0.008138303,0.0
6.9166665,6.0,0.0,0.0,1.08287044E-4,0.011243611,0.0,0.0,0.008139041,0.0
6.9166665,7.0,0.04603154,0.0,1.08317756E-4,0.011245455,0.0,0.0,0.008140543,0.0
6.9166665,8.0,0.21899933,0.0,1.0869509E-4,0.011257148,0.0,0.0,0.008149394,0.0
6.9166665,9.0,0.026801879,0.0,1.08311666E-4,0.011229047,0.0,0.0,0.008128888,0.0
6.9166665,10.0,0.0081803985,0.0,1.0827711E-4,0.011229238,0.0,0.0,0.008129038,0.0
6.9166665,11.0,0.072702,0.0,1.0785646E-4,0.0111800805,0.0,0.0,0.008093523,0.0
6.9166665,12.0,0.17435198,0.0,1.0860097E-4,0.011253943,0.0,0.0,0.008147103,0.0
6.9166665,13.0,0.02483526,0.0,1.0830292E-4,0.011228413,0.0,0.0,0.008128605,0.0
6.9166665,14.0,0.07564995,0.0,1.0866808E-4,0.011254328,0.0,0.0,0.0081475815,0.0
6.9166665,15.0,0.0,0.0,0.0,0.0,0.0,0.0,0.0,0.0
6.9166665,16.0,0.0,0.0,0.0,0.0,0.0,0.0,0.0,0.0
6.9166665,17.0,0.0,0.0,0.0,0.0,0.0,0.0,0.0,0.0
6.9166665,18.0,0.0,0.0,0.0,0.0,0.0,0.0,0.0,0.0
6.9166665,19.0,0.0,0.0,0.0,0.0,0.0,0.0,0.0,0.0
6.9166665,20.0,0.0,0.0,0.0,0.0,0.0,0.0,0.0,0.0
6.9166665,21.0,0.0,0.0,0.0,0.0,0.0,0.0,0.0,0.0
6.9166665,22.0,0.0,0.0,0.0,0.0,0.0,0.0,0.0,0.0
6.9166665,23.0,0.0,0.0,0.0,0.0,0.0,0.0,0.0,0.0
6.9166665,24.0,0.0,0.0,0.0,0.0,0.0,0.0,0.0,0.0
6.9166665,25.0,0.0,0.0,0.0,0.0,0.0,0.0,0.0,0.0
7.0,0.0,3.8675947,0.0,5.355476E-5,0.0011671102,0.0,0.0,8.501514E-4,0.0
7.0,1.0,0.0018336626,0.0,1.0825568E-4,0.01107715,0.0,0.0,0.008021661,0.0
7.0,2.0,0.018559754,0.0,1.0826185E-4,0.011207177,0.0,0.0,0.008113449,0.0
7.0,3.0,0.03322813,0.0,1.08315704E-4,0.01124114,0.0,0.0,0.008137276,0.0
7.0,4.0,0.0,0.0,1.0826067E-4,0.011241986,0.0,0.0,0.008137949,0.0
7.0,5.0,0.0354762,0.0,1.0835106E-4,0.011248103,0.0,0.0,0.008142158,0.0
7.0,6.0,0.0,0.0,1.0829005E-4,0.011243522,0.0,0.0,0.0081392145,0.0
7.0,7.0,0.003579486,0.0,1.0829323E-4,0.011240875,0.0,0.0,0.00813723,0.0
7.0,8.0,0.056293953,0.0,1.08911314E-4,0.011292439,0.0,0.0,0.008174669,0.0
7.0,9.0,0.86606175,0.0,1.1804186E-4,0.012126492,0.0,0.0,0.008778604,0.0
7.0,10.0,0.5020466,0.0,1.0706111E-4,0.011099158,0.0,0.0,0.008034485,0.0
7.0,11.0,0.103132255,0.0,1.088163E-4,0.011286511,0.0,0.0,0.00817002,0.0
7.0,12.0,0.13110395,0.0,1.0844435E-4,0.011234012,0.0,0.0,0.008132762,0.0
7.0,13.0,0.04277571,0.0,1.08317254E-4,0.011233402,0.0,0.0,0.00813214,0.0
7.0,14.0,0.007258046,0.0,1.082963E-4,0.011223506,0.0,0.0,0.008124782,0.0
7.0,15.0,0.0,0.0,0.0,0.0,0.0,0.0,0.0,0.0
7.0,16.0,0.0,0.0,0.0,0.0,0.0,0.0,0.0,0.0
7.0,17.0,0.0,0.0,0.0,0.0,0.0,0.0,0.0,0.0
7.0,18.0,0.0,0.0,0.0,0.0,0.0,0.0,0.0,0.0
7.0,19.0,0.0,0.0,0.0,0.0,0.0,0.0,0.0,0.0
7.0,20.0,0.0,0.0,0.0,0.0,0.0,0.0,0.0,0.0
7.0,21.0,0.0,0.0,0.0,0.0,0.0,0.0,0.0,0.0
7.0,22.0,0.0,0.0,0.0,0.0,0.0,0.0,0.0,0.0
7.0,23.0,0.0,0.0,0.0,0.0,0.0,0.0,0.0,0.0
7.0,24.0,0.0,0.0,0.0,0.0,0.0,0.0,0.0,0.0
7.0,25.0,0.0,0.0,0.0,0.0,0.0,0.0,0.0,0.0
7.0833335,0.0,0.2606282,0.0,1.076398E-4,0.0036451328,0.0,0.0,0.0021989678,0.0
7.0833335,1.0,0.080950364,0.0,1.0835418E-4,0.012781994,0.0,0.0,0.0074482574,0.0
7.0833335,2.0,0.0023737147,0.0,1.082815E-4,0.012889236,0.0,0.0,0.0075127445,0.0
7.0833335,3.0,0.0017898319,0.0,1.08261E-4,0.012916837,0.0,0.0,0.0075300764,0.0
7.0833335,4.0,0.2432501,0.0,1.0862425E-4,0.012958547,0.0,0.0,0.0075540016,0.0
7.0833335,5.0,0.490954,0.0,1.0888933E-4,0.012994487,0.0,0.0,0.007576086,0.0
7.0833335,6.0,0.0,0.0,1.083141E-4,0.012919252,0.0,0.0,0.0075317654,0.0
7.0833335,7.0,0.034682404,0.0,1.0832143E-4,0.012920876,0.0,0.0,0.007532436,0.0
7.0833335,8.0,0.06290234,0.0,1.0841468E-4,0.012918291,0.0,0.0,0.007530502,0.0
7.0833335,9.0,0.17680846,0.0,1.086047E-4,0.012937647,0.0,0.0,0.0075420854,0.0
7.0833335,10.0,0.0829255,0.0,1.08627486E-4,0.012950187,0.0,0.0,0.0075491923,0.0
7.0833335,11.0,0.13581437,0.0,1.0698842E-4,0.012741525,0.0,0.0,0.00742735,0.0
7.0833335,12.0,0.43519422,0.0,1.0922641E-4,0.012998579,0.0,0.0,0.0075764824,0.0
7.0833335,13.0,0.013498624,0.0,1.08299195E-4,0.012902059,0.0,0.0,0.007520775,0.0
7.0833335,14.0,0.058762316,0.0,1.08356544E-4,0.012903511,0.0,0.0,0.007521871,0.0
7.0833335,15.0,0.0,0.0,0.0,0.0,0.0,0.0,0.0,0.0
7.0833335,16.0,0.0,0.0,0.0,0.0,0.0,0.0,0.0,0.0
7.0833335,17.0,0.0,0.0,0.0,0.0,0.0,0.0,0.0,0.0
7.0833335,18.0,0.0,0.0,0.0,0.0,0.0,0.0,0.0,0.0
7.0833335,19.0,0.0,0.0,0.0,0.0,0.0,0.0,0.0,0.0
7.0833335,20.0,0.0,0.0,0.0,0.0,0.0,0.0,0.0,0.0
7.0833335,21.0,0.0,0.0,0.0,0.0,0.0,0.0,0.0,0.0
7.0833335,22.0,0.0,0.0,0.0,0.0,0.0,0.0,0.0,0.0
7.0833335,23.0,0.0,0.0,0.0,0.0,0.0,0.0,0.0,0.0
7.0833335,24.0,0.0,0.0,0.0,0.0,0.0,0.0,0.0,0.0
7.0833335,25.0,0.0,0.0,0.0,0.0,0.0,0.0,0.0,0.0
7.1666665,0.0,1.0138494,0.0,1.1123124E-4,0.0056294003,0.0,0.0,0.0033586617,0.0
7.1666665,1.0,0.00200777,0.0,1.08280154E-4,0.012796335,0.0,0.0,0.007457343,0.0
7.1666665,2.0,0.013469946,0.0,1.0828802E-4,0.012895944,0.0,0.0,0.007517499,0.0
7.1666665,3.0,0.01141284,0.0,1.08287175E-4,0.012916476,0.0,0.0,0.0075299577,0.0
7.1666665,4.0,0.035377957,0.0,1.0834597E-4,0.012924939,0.0,0.0,0.007534814,0.0
7.1666665,5.0,0.21255028,0.0,1.0859405E-4,0.01294582,0.0,0.0,0.007547322,0.0
7.1666665,6.0,0.0,0.0,1.0828085E-4,0.012919231,0.0,0.0,0.007531889,0.0
7.1666665,7.0,0.017479466,0.0,1.074585E-4,0.012818257,0.0,0.0,0.0074726613,0.0
7.1666665,8.0,0.0768593,0.0,2.4403563E-4,0.029088877,0.0,0.0,0.016957091,0.0
7.1666665,9.0,0.09542298,0.0,1.0837407E-4,0.0129056,0.0,0.0,0.0075229118,0.0
7.1666665,10.0,0.53919137,0.0,1.1247689E-4,0.013409191,0.0,0.0,0.007813818,0.0
7.1666665,11.0,0.0806958,0.0,1.2475872E-4,0.014865258,0.0,0.0,0.008665618,0.0
7.1666665,12.0,0.3233048,0.0,8.3477964E-5,0.010014691,0.0,0.0,0.0058377096,0.0
7.1666665,13.0,0.09687561,0.0,1.485627E-4,0.017692665,0.0,0.0,0.0103138685,0.0
7.1666665,14.0,0.061076604,0.0,1.1448654E-4,0.0136383455,0.0,0.0,0.007950102,0.0
7.1666665,15.0,0.0,0.0,0.0,0.0,0.0,0.0,0.0,0.0
7.1666665,16.0,0.0,0.0,0.0,0.0,0.0,0.0,0.0,0.0
7.1666665,17.0,0.0,0.0,0.0,0.0,0.0,0.0,0.0,0.0
7.1666665,18.0,0.0,0.0,0.0,0.0,0.0,0.0,0.0,0.0
7.1666665,19.0,0.0,0.0,0.0,0.0,0.0,0.0,0.0,0.0
7.1666665,20.0,0.0,0.0,0.0,0.0,0.0,0.0,0.0,0.0
7.1666665,21.0,0.0,0.0,0.0,0.0,0.0,0.0,0.0,0.0
7.1666665,22.0,0.0,0.0,0.0,0.0,0.0,0.0,0.0,0.0
7.1666665,23.0,0.0,0.0,0.0,0.0,0.0,0.0,0.0,0.0
7.1666665,24.0,0.0,0.0,0.0,0.0,0.0,0.0,0.0,0.0
7.1666665,25.0,0.0,0.0,0.0,0.0,0.0,0.0,0.0,0.0
7.25,0.0,0.0061988034,0.0,7.6609793,0.0038095203,0.0,0.0,0.00224924,0.0
7.25,1.0,0.0015048881,0.0,1.08292974E-4,0.012816924,0.0,0.0,0.007469471,0.0
7.25,2.0,0.008214735,0.0,1.0827321E-4,0.012898648,0.0,0.0,0.0075185434,0.0
7.25,3.0,NaN,NaN,NaN,NaN,NaN,NaN,NaN,NaN
7.25,4.0,0.7800092,0.0,1.4276842E-4,0.016901772,0.0,0.0,0.00986039,0.0
7.25,5.0,1.2992089E-7,0.0,1.124693E-4,0.013415394,0.0,0.0,0.007820754,0.0
7.25,6.0,4.2010756E-4,0.0,1.10571105E-4,0.013191959,0.0,0.0,0.00769087,0.0
7.25,7.0,0.4642603,0.0,1.090287E-4,0.01303185,0.0,0.0,0.007595035,0.0
7.25,8.0,0.035922542,0.0,1.0839538E-4,0.012927141,0.0,0.0,0.007536096,0.0
7.25,9.0,0.98258394,0.0,9.865816E-5,0.011887354,0.0,0.0,0.0069300644,0.0
7.25,10.0,0.20554428,0.0,1.0877989E-4,0.012971096,0.0,0.0,0.007561004,0.0
7.25,11.0,0.38867155,0.0,1.1158347E-4,0.013346418,0.0,0.0,0.0077802134,0.0
7.25,12.0,0.008468817,0.0,9.959448E-5,0.011862929,0.0,0.0,0.00691511,0.0
7.25,13.0,0.04703747,0.0,1.1237217E-4,0.013390643,0.0,0.0,0.0078059863,0.0
7.25,14.0,0.64696956,0.0,1.12198446E-4,0.013456841,0.0,0.0,0.007844415,0.0
7.25,15.0,0.0,0.0,0.0,0.0,0.0,0.0,0.0,0.0
7.25,16.0,0.0,0.0,0.0,0.0,0.0,0.0,0.0,0.0
7.25,17.0,0.0,0.0,0.0,0.0,0.0,0.0,0.0,0.0
7.25,18.0,0.0,0.0,0.0,0.0,0.0,0.0,0.0,0.0
7.25,19.0,0.0,0.0,0.0,0.0,0.0,0.0,0.0,0.0
7.25,20.0,0.0,0.0,0.0,0.0,0.0,0.0,0.0,0.0
7.25,21.0,0.0,0.0,0.0,0.0,0.0,0.0,0.0,0.0
7.25,22.0,0.0,0.0,0.0,0.0,0.0,0.0,0.0,0.0
7.25,23.0,0.0,0.0,0.0,0.0,0.0,0.0,0.0,0.0
7.25,24.0,0.0,0.0,0.0,0.0,0.0,0.0,0.0,0.0
7.25,25.0,0.0,0.0,0.0,0.0,0.0,0.0,0.0,0.0
7.3333335,0.0,0.0058921142,0.0,14.531492,3.9353026E-7,0.0,0.0,2.515839E-7,0.0
7.3333335,1.0,NaN,NaN,NaN,NaN,NaN,NaN,NaN,NaN
7.3333335,2.0,0.014285911,0.0,1.7580915E-4,0.020899097,0.0,0.0,0.012182187,0.0
7.3333335,3.0,0.0,0.0,0.0,0.0,0.0,0.0,0.0,0.0
7.3333335,4.0,0.045373064,0.0,1.08348155E-4,0.012925558,0.0,0.0,0.0075354762,0.0
7.3333335,5.0,0.0,0.0,5.8268484E-5,0.0069510043,0.0,0.0,0.0040522153,0.0
7.3333335,6.0,0.006087487,0.0,6.577977E-4,0.07846249,0.0,0.0,0.04574371,0.0
7.3333335,7.0,0.0903908,0.0,1.0730046E-4,0.012788634,0.0,0.0,0.0074553955,0.0
7.3333335,8.0,0.008637838,0.0,1.0949131E-4,0.013058144,0.0,0.0,0.0076126135,0.0
7.3333335,9.0,0.12501177,0.0,1.1841261E-4,0.0141026825,0.0,0.0,0.008220883,0.0
7.3333335,10.0,0.73104686,0.0,1.1113578E-4,0.013211637,0.0,0.0,0.0077003525,0.0
7.3333335,11.0,0.007818483,0.0,6.544719E-5,0.0077992,0.0,0.0,0.0045463904,0.0
7.3333335,12.0,0.7185407,0.0,1.4650285E-4,0.017621879,0.0,0.0,0.010266365,0.0
7.3333335,13.0,0.025867803,0.0,8.624077E-5,0.010274953,0.0,0.0,0.0059897806,0.0
7.3333335,14.0,NaN,NaN,NaN,NaN,NaN,NaN,NaN,NaN
7.3333335,15.0,0.0,0.0,0.0,0.0,0.0,0.0,0.0,0.0
7.3333335,16.0,0.0,0.0,0.0,0.0,0.0,0.0,0.0,0.0
7.3333335,17.0,0.0,0.0,0.0,0.0,0.0,0.0,0.0,0.0
7.3333335,18.0,0.0,0.0,0.0,0.0,0.0,0.0,0.0,0.0
7.3333335,19.0,0.0,0.0,0.0,0.0,0.0,0.0,0.0,0.0
7.3333335,20.0,0.0,0.0,0.0,0.0,0.0,0.0,0.0,0.0
7.3333335,21.0,0.0,0.0,0.0,0.0,0.0,0.0,0.0,0.0
7.3333335,22.0,0.0,0.0,0.0,0.0,0.0,0.0,0.0,0.0
7.3333335,23.0,0.0,0.0,0.0,0.0,0.0,0.0,0.0,0.0
7.3333335,24.0,0.0,0.0,0.0,0.0,0.0,0.0,0.0,0.0
7.3333335,25.0,0.0,0.0,0.0,0.0,0.0,0.0,0.0,0.0
7.4166665,0.0,0.00850185,0.0,14.185649,6.187531E-7,0.0,0.0,3.9474577E-7,0.0
7.4166665,1.0,0.16437255,0.0,5.4438635E-5,0.0061144507,0.0,0.0,0.0035625156,0.0
7.4166665,2.0,0.007250473,0.0,1.08270186E-4,0.012872506,0.0,0.0,0.0075029177,0.0
7.4166665,3.0,0.0,0.0,0.0,0.0,0.0,0.0,0.0,0.0
7.4166665,4.0,0.0077332538,0.0,1.08302505E-4,0.012918223,0.0,0.0,0.0075312858,0.0
7.4166665,5.0,0.012193122,0.0,1.07040614E-4,0.012770586,0.0,0.0,0.0074454364,0.0
7.4166665,6.0,0.07410939,0.0,1.0842488E-4,0.012944926,0.0,0.0,0.0075468495,0.0
7.4166665,7.0,0.5028513,0.0,1.024582E-4,0.012230801,0.0,0.0,0.007130188,0.0
7.4166665,8.0,0.021019008,0.0,1.1180759E-4,0.013336504,0.0,0.0,0.007774811,0.0
7.4166665,9.0,0.036685903,0.0,1.0822347E-4,0.012900691,0.0,0.0,0.00752016,0.0
7.4166665,10.0,0.0967466,0.0,9.965277E-5,0.0118810665,0.0,0.0,0.0069260597,0.0
7.4166665,11.0,0.025026912,0.0,1.536723E-4,0.018317018,0.0,0.0,0.010677706,0.0
7.4166665,12.0,0.039991777,0.0,1.0828891E-4,0.012903196,0.0,0.0,0.007521894,0.0
7.4166665,13.0,0.018790986,0.0,1.0828527E-4,0.012901156,0.0,0.0,0.0075202226,0.0
7.4166665,14.0,0.038403437,0.0,1.07979E-4,0.012856154,0.0,0.0,0.007494042,0.0
7.4166665,15.0,0.0,0.0,0.0,0.0,0.0,0.0,0.0,0.0
7.4166665,16.0,0.0,0.0,0.0,0.0,0.0,0.0,0.0,0.0
7.4166665,17.0,0.0,0.0,0.0,0.0,0.0,0.0,0.0,0.0
7.4166665,18.0,0.0,0.0,0.0,0.0,0.0,0.0,0.0,0.0
7.4166665,19.0,0.0,0.0,0.0,0.0,0.0,0.0,0.0,0.0
7.4166665,20.0,0.0,0.0,0.0,0.0,0.0,0.0,0.0,0.0
7.4166665,21.0,0.0,0.0,0.0,0.0,0.0,0.0,0.0,0.0
7.4166665,22.0,0.0,0.0,0.0,0.0,0.0,0.0,0.0,0.0
7.4166665,23.0,0.0,0.0,0.0,0.0,0.0,0.0,0.0,0.0
7.4166665,24.0,0.0,0.0,0.0,0.0,0.0,0.0,0.0,0.0
7.4166665,25.0,0.0,0.0,0.0,0.0,0.0,0.0,0.0,0.0
7.5,0.0,0.0068749227,0.0,13.858898,8.1917835E-7,0.0,0.0,5.208854E-7,0.0
7.5,1.0,0.04941676,0.0,1.08582695E-4,0.012312782,0.0,0.0,0.007173051,0.0
7.5,2.0,0.036151614,0.0,1.08317654E-4,0.01288143,0.0,0.0,0.007508433,0.0
7.5,3.0,0.0,0.0,0.0,0.0,0.0,0.0,0.0,0.0
7.5,4.0,0.0018470513,0.0,1.08271284E-4,0.012918444,0.0,0.0,0.0075311842,0.0
7.5,5.0,0.0,0.0,1.082656E-4,0.012918562,0.0,0.0,0.0075314315,0.0
7.5,6.0,0.0,0.0,1.0301654E-4,0.012288389,0.0,0.0,0.0071637775,0.0
7.5,7.0,0.014949688,0.0,1.0124825E-4,0.012078778,0.0,0.0,0.007041728,0.0
7.5,8.0,0.013201786,0.0,2.1800221E-4,0.025995595,0.0,0.0,0.015154378,0.0
7.5,9.0,0.22701149,0.0,7.96152E-5,0.0094709685,0.0,0.0,0.005521046,0.0
7.5,10.0,0.055203382,0.0,1.5061496E-4,0.017954297,0.0,0.0,0.010466374,0.0
7.5,11.0,0.016281182,0.0,2.23977E-4,0.026697174,0.0,0.0,0.015563387,0.0
7.5,12.0,0.025075903,0.0,1.06823085E-4,0.012729204,0.0,0.0,0.007420182,0.0
7.5,13.0,0.03715757,0.0,9.835427E-5,0.0117232725,0.0,0.0,0.0068338574,0.0
7.5,14.0,0.010225705,0.0,1.3848973E-4,0.016500294,0.0,0.0,0.009618625,0.0
7.5,15.0,0.0,0.0,0.0,0.0,0.0,0.0,0.0,0.0
7.5,16.0,0.0,0.0,0.0,0.0,0.0,0.0,0.0,0.0
7.5,17.0,0.0,0.0,0.0,0.0,0.0,0.0,0.0,0.0
7.5,18.0,0.0,0.0,0.0,0.0,0.0,0.0,0.0,0.0
7.5,19.0,0.0,0.0,0.0,0.0,0.0,0.0,0.0,0.0
7.5,20.0,0.0,0.0,0.0,0.0,0.0,0.0,0.0,0.0
7.5,21.0,0.0,0.0,0.0,0.0,0.0,0.0,0.0,0.0
7.5,22.0,0.0,0.0,0.0,0.0,0.0,0.0,0.0,0.0
7.5,23.0,0.0,0.0,0.0,0.0,0.0,0.0,0.0,0.0
7.5,24.0,0.0,0.0,0.0,0.0,0.0,0.0,0.0,0.0
7.5,25.0,0.0,0.0,0.0,0.0,0.0,0.0,0.0,0.0
7.5833335,0.0,0.00824357,7.3904494E-6,13.845058,9.346576E-7,0.0,0.0,5.9287845E-7,0.0
7.5833335,1.0,0.025045913,0.0,6.4977896E-5,0.0074294615,0.0,0.0,0.0043279273,0.0
7.5833335,2.0,0.0031789793,0.0,8.424211E-5,0.010019071,0.0,0.0,0.0058400608,0.0
7.5833335,3.0,0.0,0.0,0.0,0.0,0.0,0.0,0.0,0.0
7.5833335,4.0,0.0,0.0,0.0,0.0,0.0875,0.0,0.0,0.0
7.5833335,5.0,0.0,0.0,0.0,0.0,0.0875,0.0,0.0,0.0
7.5833335,6.0,0.0,0.0,0.0,0.0,0.0875,0.0,0.0,0.0
7.5833335,7.0,0.0,0.0,0.0,0.0,0.0871798,0.0,0.0,0.0
7.5833335,8.0,0.0,0.0,0.0,0.0,0.08883392,0.0,0.0,0.0
7.5833335,9.0,0.0,0.0,0.0,0.0,0.08507551,0.0,0.0,0.0
7.5833335,10.0,0.0,0.0,0.0,0.0,0.08864359,0.0,0.0,0.0
7.5833335,11.0,0.0,0.0,0.0,0.0,0.08668256,0.0,0.0,0.0
7.5833335,12.0,0.0,0.0,0.0,0.0,0.08080204,0.0,0.0,0.0
7.5833335,13.0,0.0,0.0,0.0,0.0,0.093015805,0.0,0.0,0.0
7.5833335,14.0,0.0,0.0,0.0,0.0,0.06694572,0.0,0.0,0.0
7.5833335,15.0,0.0,0.0,0.0,0.0,0.0,0.0,0.0,0.0
7.5833335,16.0,0.0,0.0,0.0,0.0,0.0,0.0,0.0,0.0
7.5833335,17.0,0.0,0.0,0.0,0.0,0.0,0.0,0.0,0.0
7.5833335,18.0,0.0,0.0,0.0,0.0,0.0,0.0,0.0,0.0
7.5833335,19.0,0.0,0.0,0.0,0.0,0.0,0.0,0.0,0.0
7.5833335,20.0,0.0,0.0,0.0,0.0,0.0,0.0,0.0,0.0
7.5833335,21.0,0.0,0.0,0.0,0.0,0.0,0.0,0.0,0.0
7.5833335,22.0,0.0,0.0,0.0,0.0,0.0,0.0,0.0,0.0
7.5833335,23.0,0.0,0.0,0.0,0.0,0.0,0.0,0.0,0.0
7.5833335,24.0,0.0,0.0,0.0,0.0,0.0,0.0,0.0,0.0
7.5833335,25.0,0.0,0.0,0.0,0.0,0.0,0.0,0.0,0.0
7.6666665,0.0,0.007748446,5.562083E-7,13.999527,9.758787E-7,0.0,0.0,6.163537E-7,0.0
7.6666665,1.0,0.0,0.0,0.0,0.0,0.0,0.0,0.0,0.0
7.6666665,2.0,0.0049899626,0.0,1.0829413E-4,0.012876828,0.0,0.0,0.0075057372,0.0
7.6666665,3.0,0.0061645824,0.0,1.0827639E-4,0.0129100755,0.0,0.0,0.007525892,0.0
7.6666665,4.0,0.0,0.0,0.0,0.0,0.0875,0.0,0.0,0.0
7.6666665,5.0,0.0,0.0,0.0,0.0,0.0875,0.0,0.0,0.0
7.6666665,6.0,0.0,0.0,0.0,0.0,0.0875,0.0,0.0,0.0
7.6666665,7.0,0.0,0.0,0.0,0.0,0.044817742,0.0,0.0,0.0
7.6666665,8.0,0.0,0.0,0.0,0.0,0.281662,0.0,0.0,0.0
7.6666665,9.0,0.0,0.0,0.0,0.0,0.0880723,0.0,0.0,0.0
7.6666665,10.0,0.0,0.0,0.0,0.0,0.0875,0.0,0.0,0.0
7.6666665,11.0,0.0,0.0,0.0,0.0,0.0875,0.0,0.0,0.0
7.6666665,12.0,0.0,0.0,0.0,0.0,0.069251165,0.0,0.0,0.0
7.6666665,13.0,0.0,0.0,0.0,0.0,0.099449255,0.0,0.0,0.0
7.6666665,14.0,0.0,0.0,0.0,0.0,0.0875,0.0,0.0,0.0
7.6666665,15.0,0.0,0.0,0.0,0.0,0.0,0.0,0.0,0.0
7.6666665,16.0,0.0,0.0,0.0,0.0,0.0,0.0,0.0,0.0
7.6666665,17.0,0.0,0.0,0.0,0.0,0.0,0.0,0.0,0.0
7.6666665,18.0,0.0,0.0,0.0,0.0,0.0,0.0,0.0,0.0
7.6666665,19.0,0.0,0.0,0.0,0.0,0.0,0.0,0.0,0.0
7.6666665,20.0,0.0,0.0,0.0,0.0,0.0,0.0,0.0,0.0
7.6666665,21.0,0.0,0.0,0.0,0.0,0.0,0.0,0.0,0.0
7.6666665,22.0,0.0,0.0,0.0,0.0,0.0,0.0,0.0,0.0
7.6666665,23.0,0.0,0.0,0.0,0.0,0.0,0.0,0.0,0.0
7.6666665,24.0,0.0,0.0,0.0,0.0,0.0,0.0,0.0,0.0
7.6666665,25.0,0.0,0.0,0.0,0.0,0.0,0.0,0.0,0.0
7.75,0.0,0.6566523,0.0,6.9775653,9.168142E-5,0.0,0.0,5.755528E-5,0.0
7.75,1.0,0.0,0.0,0.0,0.0,0.0,0.0,0.0,0.0
7.75,2.0,0.011362623,0.0,1.0827197E-4,0.012885204,0.0,0.0,0.0075106085,0.0
7.75,3.0,0.026859678,0.0,1.0829743E-4,0.012911817,0.0,0.0,0.0075268215,0.0
7.75,4.0,0.0,0.0,0.0,0.0,0.0875,0.0,0.0,0.0
7.75,5.0,0.0,0.0,0.0,0.0,0.0875,0.0,0.0,0.0
7.75,6.0,0.0,0.0,0.0,0.0,0.0875,0.0,0.0,0.0
7.75,7.0,0.0,0.0,0.0,0.0,0.0875,0.0,0.0,0.0
7.75,8.0,0.0,0.0,0.0,0.0,0.0875,0.0,0.0,0.0
7.75,9.0,0.0,0.0,0.0,0.0,0.0875,0.0,0.0,0.0
7.75,10.0,0.0,0.0,0.0,0.0,0.0875,0.0,0.0,0.0
7.75,11.0,0.0,0.0,0.0,0.0,0.0875,0.0,0.0,0.0
7.75,12.0,0.0,0.0,0.0,0.0,0.0875,0.0,0.0,0.0
7.75,13.0,0.0,0.0,0.0,0.0,0.0875,0.0,0.0,0.0
7.75,14.0,0.0,0.0,0.0,0.0,0.0875,0.0,0.0,0.0
7.75,15.0,0.0,0.0,0.0,0.0,0.0,0.0,0.0,0.0
7.75,16.0,0.0,0.0,0.0,0.0,0.0,0.0,0.0,0.0
7.75,17.0,0.0,0.0,0.0,0.0,0.0,0.0,0.0,0.0
7.75,18.0,0.0,0.0,0.0,0.0,0.0,0.0,0.0,0.0
7.75,19.0,0.0,0.0,0.0,0.0,0.0,0.0,0.0,0.0
7.75,20.0,0.0,0.0,0.0,0.0,0.0,0.0,0.0,0.0
7.75,21.0,0.0,0.0,0.0,0.0,0.0,0.0,0.0,0.0
7.75,22.0,0.0,0.0,0.0,0.0,0.0,0.0,0.0,0.0
7.75,23.0,0.0,0.0,0.0,0.0,0.0,0.0,0.0,0.0
7.75,24.0,0.0,0.0,0.0,0.0,0.0,0.0,0.0,0.0
7.75,25.0,0.0,0.0,0.0,0.0,0.0,0.0,0.0,0.0
7.8333335,0.0,2.068475,0.0,1.0488888E-4,4.7554783E-4,0.0,0.0,2.9377744E-4,0.0
7.8333335,1.0,0.0,0.0,0.0,0.0,0.0,0.0,0.0,0.0
7.8333335,2.0,0.08840193,0.0,1.0832451E-4,0.012900802,0.0,0.0,0.0075199367,0.0
7.8333335,3.0,0.117110156,0.0,1.08463864E-4,0.01293696,0.0,0.0,0.0075419587,0.0
7.8333335,4.0,0.008434761,0.124990076,1.0829209E-4,0.012925662,0.0,0.0,0.0075366134,0.0
7.8333335,5.0,1.8983842E-4,0.124975935,1.082274E-4,0.012934445,0.0,0.0,0.00754055,0.0
7.8333335,6.0,0.0023088716,0.12498701,1.08303706E-4,0.012927472,0.0,0.0,0.0075358865,0.0
7.8333335,7.0,0.0,0.12496221,1.0827101E-4,0.012943525,0.0,0.0,0.0075457236,0.0
7.8333335,8.0,0.1504634,0.124949396,1.07433014E-4,0.012809985,0.0,0.0,0.0074676382,0.0
7.8333335,9.0,0.03928362,0.1250184,1.08545064E-4,0.012915564,0.0,0.0,0.007529331,0.0
7.8333335,10.0,0.09333311,0.12517482,1.0837221E-4,0.012938695,0.0,0.0,0.007542733,0.0
7.8333335,11.0,0.009057515,0.1249805,1.08410284E-4,0.012921655,0.0,0.0,0.007532726,0.0
7.8333335,12.0,0.045289956,0.12499779,1.08192624E-4,0.012909426,0.0,0.0,0.0075254836,0.0
7.8333335,13.0,0.05206498,0.12501457,1.0831878E-4,0.01290228,0.0,0.0,0.0075210314,0.0
7.8333335,14.0,0.038575973,0.124966994,1.0843154E-4,0.012930257,0.0,0.0,0.007537584,0.0
7.8333335,15.0,0.0,0.0,0.0,0.0,0.0,0.0,0.0,0.0
7.8333335,16.0,0.0,0.0,0.0,0.0,0.0,0.0,0.0,0.0
7.8333335,17.0,0.0,0.0,0.0,0.0,0.0,0.0,0.0,0.0
7.8333335,18.0,0.0,0.0,0.0,0.0,0.0,0.0,0.0,0.0
7.8333335,19.0,0.0,0.0,0.0,0.0,0.0,0.0,0.0,0.0
7.8333335,20.0,0.0,0.0,0.0,0.0,0.0,0.0,0.0,0.0
7.8333335,21.0,0.0,0.0,0.0,0.0,0.0,0.0,0.0,0.0
7.8333335,22.0,0.0,0.0,0.0,0.0,0.0,0.0,0.0,0.0
7.8333335,23.0,0.0,0.0,0.0,0.0,0.0,0.0,0.0,0.0
7.8333335,24.0,0.0,0.0,0.0,0.0,0.0,0.0,0.0,0.0
7.8333335,25.0,0.0,0.0,0.0,0.0,0.0,0.0,0.0,0.0
7.9166665,0.0,0.9832765,0.0,1.0485288E-4,0.0015468975,0.0,0.0,9.377516E-4,0.0
7.9166665,1.0,0.0,0.0,0.0,0.0,0.0,0.0,0.0,0.0
7.9166665,2.0,0.06173957,0.0,1.0837264E-4,0.012903852,0.0,0.0,0.007521779,0.0
7.9166665,3.0,0.004725393,0.0,1.0830113E-4,0.012913407,0.0,0.0,0.0075280014,0.0
7.9166665,4.0,0.017774312,0.0,1.08307446E-4,0.01291937,0.0,0.0,0.0075319423,0.0
7.9166665,5.0,0.0021067497,0.0,1.0829255E-4,0.012918896,0.0,0.0,0.007531621,0.0
7.9166665,6.0,0.008630435,0.0,1.0827005E-4,0.012917874,0.0,0.0,0.007531001,0.0
7.9166665,7.0,0.0,0.0,1.0829196E-4,0.012919783,0.0,0.0,0.007531691,0.0
7.9166665,8.0,0.121183515,0.0,1.0836036E-4,0.01293192,0.0,0.0,0.0075396597,0.0
7.9166665,9.0,0.012847761,0.0,1.0828161E-4,0.012913252,0.0,0.0,0.007528299,0.0
7.9166665,10.0,0.0075782556,0.0,1.0829369E-4,0.012907659,0.0,0.0,0.0075243544,0.0
7.9166665,11.0,0.025300672,0.0,1.08398934E-4,0.012923724,0.0,0.0,0.0075339316,0.0
7.9166665,12.0,0.033697855,0.0,1.0832641E-4,0.012912132,0.0,0.0,0.00752712,0.0
7.9166665,13.0,0.28182733,0.0,1.0800396E-4,0.012865329,0.0,0.0,0.007499749,0.0
7.9166665,14.0,0.054756105,0.0,1.08306725E-4,0.012908123,0.0,0.0,0.007524715,0.0
7.9166665,15.0,0.0,0.0,0.0,0.0,0.0,0.0,0.0,0.0
7.9166665,16.0,0.0,0.0,0.0,0.0,0.0,0.0,0.0,0.0
7.9166665,17.0,0.0,0.0,0.0,0.0,0.0,0.0,0.0,0.0
7.9166665,18.0,0.0,0.0,0.0,0.0,0.0,0.0,0.0,0.0
7.9166665,19.0,0.0,0.0,0.0,0.0,0.0,0.0,0.0,0.0
7.9166665,20.0,0.0,0.0,0.0,0.0,0.0,0.0,0.0,0.0
7.9166665,21.0,0.0,0.0,0.0,0.0,0.0,0.0,0.0,0.0
7.9166665,22.0,0.0,0.0,0.0,0.0,0.0,0.0,0.0,0.0
7.9166665,23.0,0.0,0.0,0.0,0.0,0.0,0.0,0.0,0.0
7.9166665,24.0,0.0,0.0,0.0,0.0,0.0,0.0,0.0,0.0
7.9166665,25.0,0.0,0.0,0.0,0.0,0.0,0.0,0.0,0.0
8.0,0.0,0.44947302,5.6491647E-4,1.0344154E-4,0.0038017877,0.0,0.0,0.0022697537,0.0
8.0,1.0,0.0,0.0,0.0,0.0,0.0,0.0,0.0,0.0
8.0,2.0,0.021445567,0.0,1.08278065E-4,0.012898208,0.0,0.0,0.007518775,0.0
8.0,3.0,0.07484397,0.0,4.8749156E-5,0.0064326827,0.0,0.0,0.0037498362,0.0
8.0,4.0,2.9236943E-4,0.0,1.0827699E-4,0.0129188625,0.0,0.0,0.0075315074,0.0
8.0,5.0,0.97708803,0.0,1.14376184E-4,0.013465764,0.0,0.0,0.007850362,0.0
8.0,6.0,0.008967074,0.0,1.08291555E-4,0.012919915,0.0,0.0,0.007532113,0.0
8.0,7.0,0.004185812,0.0,1.0830811E-4,0.012919979,0.0,0.0,0.007532079,0.0
8.0,8.0,0.4401913,0.0,1.0949965E-4,0.013149428,0.0,0.0,0.007665858,0.0
8.0,9.0,0.02485118,0.0,1.0827944E-4,0.01291968,0.0,0.0,0.007531711,0.0
8.0,10.0,0.06359518,0.0,1.083233E-4,0.012916428,0.0,0.0,0.0075293486,0.0
8.0,11.0,0.014997862,0.0,1.08296575E-4,0.012910144,0.0,0.0,0.007526101,0.0
8.0,12.0,0.076442435,0.0,1.08391934E-4,0.012922602,0.0,0.0,0.0075330455,0.0
8.0,13.0,0.040556647,0.0,1.08285625E-4,0.012908149,0.0,0.0,0.0075246333,0.0
8.0,14.0,0.05599638,0.0,1.0837607E-4,0.012911608,0.0,0.0,0.007526795,0.0
8.0,15.0,0.0,0.0,0.0,0.0,0.0,0.0,0.0,0.0
8.0,16.0,0.0,0.0,0.0,0.0,0.0,0.0,0.0,0.0
8.0,17.0,0.0,0.0,0.0,0.0,0.0,0.0,0.0,0.0
8.0,18.0,0.0,0.0,0.0,0.0,0.0,0.0,0.0,0.0
8.0,19.0,0.0,0.0,0.0,0.0,0.0,0.0,0.0,0.0
8.0,20.0,0.0,0.0,0.0,0.0,0.0,0.0,0.0,0.0
8.0,21.0,0.0,0.0,0.0,0.0,0.0,0.0,0.0,0.0
8.0,22.0,0.0,0.0,0.0,0.0,0.0,0.0,0.0,0.0
8.0,23.0,0.0,0.0,0.0,0.0,0.0,0.0,0.0,0.0
8.0,24.0,0.0,0.0,0.0,0.0,0.0,0.0,0.0,0.0
8.0,25.0,0.0,0.0,0.0,0.0,0.0,0.0,0.0,0.0
8.083333,0.0,0.9040292,0.0,1.07846594E-4,0.003649233,0.0,0.0,0.0026038857,0.0
8.083333,1.0,0.0,0.0,0.0,0.0,0.0,0.0,0.0,0.0
8.083333,2.0,0.11252569,0.0,1.084663E-4,0.010170572,0.0,0.0,0.0071936366,0.0
8.083333,3.0,0.0,0.0,0.0,0.0,0.0,0.0,0.0,0.0
8.083333,4.0,6.9311514E-5,0.0,1.0829963E-4,0.0101676155,0.0,0.0,0.007191509,0.0
8.083333,5.0,0.10504481,0.0,1.0848013E-4,0.010178116,0.0,0.0,0.007198807,0.0
8.083333,6.0,1.2080632E-9,0.0,1.0828646E-4,0.010167973,0.0,0.0,0.007191583,0.0
8.083333,7.0,5.321811,0.0,1.4189418E-4,0.013288004,0.0,0.0,0.009397853,0.0
8.083333,8.0,0.26696062,0.0,1.0918407E-4,0.010248274,0.0,0.0,0.0072483835,0.0
8.083333,9.0,0.106178544,0.0,1.0842871E-4,0.010175263,0.0,0.0,0.007196996,0.0
8.083333,10.0,0.054825082,0.0,1.0825374E-4,0.010156733,0.0,0.0,0.0071837283,0.0
8.083333,11.0,0.18434002,0.0,1.08579654E-4,0.010180493,0.0,0.0,0.007200753,0.0
8.083333,12.0,0.041173898,0.0,1.08290806E-4,0.010160167,0.0,0.0,0.007186553,0.0
8.083333,13.0,0.07721809,0.0,1.0835766E-4,0.010154086,0.0,0.0,0.0071819974,0.0
8.083333,14.0,0.0400245,0.0,1.0827996E-4,0.010155775,0.0,0.0,0.007183047,0.0
8.083333,15.0,0.0,0.0,0.0,0.0,0.0,0.0,0.0,0.0
8.083333,16.0,0.0,0.0,0.0,0.0,0.0,0.0,0.0,0.0
8.083333,17.0,0.0,0.0,0.0,0.0,0.0,0.0,0.0,0.0
8.083333,18.0,0.0,0.0,0.0,0.0,0.0,0.0,0.0,0.0
8.083333,19.0,0.0,0.0,0.0,0.0,0.0,0.0,0.0,0.0
8.083333,20.0,0.0,0.0,0.0,0.0,0.0,0.0,0.0,0.0
8.083333,21.0,0.0,0.0,0.0,0.0,0.0,0.0,0.0,0.0
8.083333,22.0,0.0,0.0,0.0,0.0,0.0,0.0,0.0,0.0
8.083333,23.0,0.0,0.0,0.0,0.0,0.0,0.0,0.0,0.0
8.083333,24.0,0.0,0.0,0.0,0.0,0.0,0.0,0.0,0.0
8.083333,25.0,0.0,0.0,0.0,0.0,0.0,0.0,0.0,0.0
8.166667,0.0,1.1832372,0.0,1.038917E-4,0.0060245325,0.0,0.0,0.0042827283,0.0
8.166667,1.0,0.0,0.0,0.0,0.0,0.0,0.0,0.0,0.0
8.166667,2.0,0.1371591,0.0,3.8068236E-5,0.0030612259,0.0,0.0,0.002165193,0.0
8.166667,3.0,0.0,0.0,0.0,0.0,0.0,0.0,0.0,0.0
8.166667,4.0,0.05910279,0.0,1.083621E-4,0.010173877,0.0,0.0,0.0071956743,0.0
8.166667,5.0,0.017477958,0.0,1.0826315E-4,0.010167417,0.0,0.0,0.0071913092,0.0
8.166667,6.0,0.06228197,0.0,1.08688684E-4,0.010199552,0.0,0.0,0.007213953,0.0
8.166667,7.0,0.0,0.0,0.0,0.0,0.0,0.0,0.0,0.0
8.166667,8.0,0.17674325,0.0,1.01415295E-4,0.0095002595,0.0,0.0,0.006719394,0.0
8.166667,9.0,0.09097476,0.0,3.9319223E-4,0.03689864,0.0,0.0,0.026098037,0.0
8.166667,10.0,0.08841435,0.0,1.0847061E-4,0.010170474,0.0,0.0,0.0071936324,0.0
8.166667,11.0,0.008351377,0.0,1.0084534E-4,0.009462001,0.0,0.0,0.0066923597,0.0
8.166667,12.0,0.06921118,0.0,1.2706994E-4,0.011917606,0.0,0.0,0.008429071,0.0
8.166667,13.0,0.032727446,0.0,7.0672E-5,0.006623926,0.0,0.0,0.0046851607,0.0
8.166667,14.0,0.0721751,0.0,2.2263864E-4,0.020861562,0.0,0.0,0.014755482,0.0
8.166667,15.0,0.0,0.0,0.0,0.0,0.0,0.0,0.0,0.0
8.166667,16.0,0.0,0.0,0.0,0.0,0.0,0.0,0.0,0.0
8.166667,17.0,0.0,0.0,0.0,0.0,0.0,0.0,0.0,0.0
8.166667,18.0,0.0,0.0,0.0,0.0,0.0,0.0,0.0,0.0
8.166667,19.0,0.0,0.0,0.0,0.0,0.0,0.0,0.0,0.0
8.166667,20.0,0.0,0.0,0.0,0.0,0.0,0.0,0.0,0.0
8.166667,21.0,0.0,0.0,0.0,0.0,0.0,0.0,0.0,0.0
8.166667,22.0,0.0,0.0,0.0,0.0,0.0,0.0,0.0,0.0
8.166667,23.0,0.0,0.0,0.0,0.0,0.0,0.0,0.0,0.0
8.166667,24.0,0.0,0.0,0.0,0.0,0.0,0.0,0.0,0.0
8.166667,25.0,0.0,0.0,0.0,0.0,0.0,0.0,0.0,0.0
8.25,0.0,0.21428579,0.0,7.5976405,0.004009589,0.0,0.0,0.0028448924,0.0
8.25,1.0,NaN,NaN,NaN,NaN,NaN,NaN,NaN,NaN
8.25,2.0,0.0,0.0,0.0,0.0,0.0,0.0,0.0,0.0
8.25,3.0,0.0,0.0,0.0,0.0,0.0,0.0,0.0,0.0
8.25,4.0,5.0049737E-5,0.0,2.782012E-8,2.630217E-6,0.0,0.0,1.8603477E-6,0.0
8.25,5.0,0.7688555,0.0,3.2951133E-4,0.030923583,0.0,0.0,0.021873375,0.0
8.25,6.0,0.041933257,0.0,1.09765424E-4,0.010309017,0.0,0.0,0.007291431,0.0
8.25,7.0,0.0,0.0,5.4134303E-5,0.00508407,0.0,0.0,0.0035959915,0.0
8.25,8.0,0.11186462,0.0,1.08517226E-4,0.010186665,0.0,0.0,0.007204868,0.0
8.25,9.0,0.9144079,0.0,1.1185447E-4,0.010497225,0.0,0.0,0.007424629,0.0
8.25,10.0,0.049019452,0.0,1.07622145E-4,0.010097674,0.0,0.0,0.007142008,0.0
8.25,11.0,0.011041549,0.0,1.082147E-4,0.010154187,0.0,0.0,0.007181888,0.0
8.25,12.0,0.07951927,0.0,1.11954214E-4,0.010496513,0.0,0.0,0.0074241394,0.0
8.25,13.0,0.023373632,0.0,1.0389448E-4,0.009745218,0.0,0.0,0.0068927133,0.0
8.25,14.0,0.054698873,0.0,1.0944797E-4,0.010266235,0.0,0.0,0.007261378,0.0
8.25,15.0,0.0,0.0,0.0,0.0,0.0,0.0,0.0,0.0
8.25,16.0,0.0,0.0,0.0,0.0,0.0,0.0,0.0,0.0
8.25,17.0,0.0,0.0,0.0,0.0,0.0,0.0,0.0,0.0
8.25,18.0,0.0,0.0,0.0,0.0,0.0,0.0,0.0,0.0
8.25,19.0,0.0,0.0,0.0,0.0,0.0,0.0,0.0,0.0
8.25,20.0,0.0,0.0,0.0,0.0,0.0,0.0,0.0,0.0
8.25,21.0,0.0,0.0,0.0,0.0,0.0,0.0,0.0,0.0
8.25,22.0,0.0,0.0,0.0,0.0,0.0,0.0,0.0,0.0
8.25,23.0,0.0,0.0,0.0,0.0,0.0,0.0,0.0,0.0
8.25,24.0,0.0,0.0,0.0,0.0,0.0,0.0,0.0,0.0
8.25,25.0,0.0,0.0,0.0,0.0,0.0,0.0,0.0,0.0
8.333333,0.0,0.006450705,0.0,14.417462,3.9885694E-7,0.0,0.0,2.8285007E-7,0.0
8.333333,1.0,0.037792787,0.0,1.0820952E-4,0.009579362,0.0,0.0,0.00678276,0.0
8.333333,2.0,0.0,0.0,0.0,0.0,0.0,0.0,0.0,0.0
8.333333,3.0,0.0,0.0,0.0,0.0,0.0,0.0,0.0,0.0
8.333333,4.0,0.0,0.0,0.0,0.0,0.0,0.0,0.0,0.0
8.333333,5.0,0.026331054,0.0,1.0828758E-4,0.010168837,0.0,0.0,0.0071922853,0.0
8.333333,6.0,0.015699694,0.0,5.5844823E-5,0.0052442015,0.0,0.0,0.0037091842,0.0
8.333333,7.0,NaN,NaN,NaN,NaN,NaN,NaN,NaN,NaN
8.333333,8.0,0.0119409785,0.0,1.0806861E-4,0.010148986,0.0,0.0,0.0071781855,0.0
8.333333,9.0,0.94775844,0.0,1.1139706E-4,0.010464018,0.0,0.0,0.0074031735,0.0
8.333333,10.0,0.063782774,0.0,1.0836164E-4,0.010169225,0.0,0.0,0.007192791,0.0
8.333333,11.0,0.052999374,0.0,1.08380664E-4,0.010164592,0.0,0.0,0.0071890247,0.0
8.333333,12.0,0.01144478,0.0,6.731405E-5,0.006316477,0.0,0.0,0.004467724,0.0
8.333333,13.0,0.58455807,0.0,1.9037302E-4,0.017819472,0.0,0.0,0.012603667,0.0
8.333333,14.0,0.11059303,0.0,1.0837842E-4,0.010169837,0.0,0.0,0.0071930904,0.0
8.333333,15.0,0.0,0.0,0.0,0.0,0.0,0.0,0.0,0.0
8.333333,16.0,0.0,0.0,0.0,0.0,0.0,0.0,0.0,0.0
8.333333,17.0,0.0,0.0,0.0,0.0,0.0,0.0,0.0,0.0
8.333333,18.0,0.0,0.0,0.0,0.0,0.0,0.0,0.0,0.0
8.333333,19.0,0.0,0.0,0.0,0.0,0.0,0.0,0.0,0.0
8.333333,20.0,0.0,0.0,0.0,0.0,0.0,0.0,0.0,0.0
8.333333,21.0,0.0,0.0,0.0,0.0,0.0,0.0,0.0,0.0
8.333333,22.0,0.0,0.0,0.0,0.0,0.0,0.0,0.0,0.0
8.333333,23.0,0.0,0.0,0.0,0.0,0.0,0.0,0.0,0.0
8.333333,24.0,0.0,0.0,0.0,0.0,0.0,0.0,0.0,0.0
8.333333,25.0,0.0,0.0,0.0,0.0,0.0,0.0,0.0,0.0
8.416667,0.0,0.0074256146,0.0,14.2360115,5.218958E-7,0.0,0.0,3.7022502E-7,0.0
8.416667,1.0,0.074049145,0.0,1.0830539E-4,0.009695311,0.0,0.0,0.0068636904,0.0
8.416667,2.0,0.0,0.0,0.0,0.0,0.0,0.0,0.0,0.0
8.416667,3.0,0.0,0.0,0.0,0.0,0.0,0.0,0.0,0.0
8.416667,4.0,0.0,0.0,0.0,0.0,0.0,0.0,0.0,0.0
8.416667,5.0,0.17929018,0.0,1.08741246E-4,0.010185364,0.0,0.0,0.00720406,0.0
8.416667,6.0,0.023183806,0.0,1.0480702E-4,0.009845726,0.0,0.0,0.0069637364,0.0
8.416667,7.0,3.2415235,0.0,1.4710726E-4,0.013753947,0.0,0.0,0.009728185,0.0
8.416667,8.0,0.0012069789,0.0,1.0775562E-4,0.010118256,0.0,0.0,0.007156562,0.0
8.416667,9.0,0.026673099,0.0,1.2402091E-4,0.011639608,0.0,0.0,0.008232484,0.0
8.416667,10.0,0.09457428,0.0,1.0867789E-4,0.010189313,0.0,0.0,0.0072068865,0.0
8.416667,11.0,0.031772163,0.0,1.06040716E-4,0.00994713,0.0,0.0,0.0070354817,0.0
8.416667,12.0,0.04918591,0.0,1.1895549E-4,0.011159775,0.0,0.0,0.007893294,0.0
8.416667,13.0,0.6825228,0.0,1.0415865E-4,0.009706522,0.0,0.0,0.0068649217,0.0
8.416667,14.0,0.012720855,0.0,1.0800806E-4,0.010132581,0.0,0.0,0.007166915,0.0
8.416667,15.0,0.0,0.0,0.0,0.0,0.0,0.0,0.0,0.0
8.416667,16.0,0.0,0.0,0.0,0.0,0.0,0.0,0.0,0.0
8.416667,17.0,0.0,0.0,0.0,0.0,0.0,0.0,0.0,0.0
8.416667,18.0,0.0,0.0,0.0,0.0,0.0,0.0,0.0,0.0
8.416667,19.0,0.0,0.0,0.0,0.0,0.0,0.0,0.0,0.0
8.416667,20.0,0.0,0.0,0.0,0.0,0.0,0.0,0.0,0.0
8.416667,21.0,0.0,0.0,0.0,0.0,0.0,0.0,0.0,0.0
8.416667,22.0,0.0,0.0,0.0,0.0,0.0,0.0,0.0,0.0
8.416667,23.0,0.0,0.0,0.0,0.0,0.0,0.0,0.0,0.0
8.416667,24.0,0.0,0.0,0.0,0.0,0.0,0.0,0.0,0.0
8.416667,25.0,0.0,0.0,0.0,0.0,0.0,0.0,0.0,0.0
8.5,0.0,0.009164998,8.531751E-8,13.699849,7.724659E-7,0.0,0.0,5.482404E-7,0.0
8.5,1.0,0.029656019,0.0,1.0829371E-4,0.009783137,0.0,0.0,0.0069246623,0.0
8.5,2.0,0.0,0.0,0.0,0.0,0.0,0.0,0.0,0.0
8.5,3.0,0.0,0.0,0.0,0.0,0.0,0.0,0.0,0.0
8.5,4.0,0.0,0.0,0.0,0.0,0.0,0.0,0.0,0.0
8.5,5.0,1.4628701,0.0,1.1578623E-4,0.0110043865,0.0,0.0,0.0077831433,0.0
8.5,6.0,1.2263048E-7,0.0,1.08286455E-4,0.010168027,0.0,0.0,0.0071917796,0.0
8.5,7.0,0.05265799,0.0,1.0823507E-4,0.010161824,0.0,0.0,0.007187237,0.0
8.5,8.0,0.27184138,0.0,1.0515168E-4,0.00988269,0.0,0.0,0.006989326,0.0
8.5,9.0,0.021947552,0.0,1.4376272E-4,0.013496608,0.0,0.0,0.009546095,0.0
8.5,10.0,0.025814671,0.0,8.334525E-5,0.0078183375,0.0,0.0,0.0055298484,0.0
8.5,11.0,0.030394724,0.0,1.2240667E-4,0.011487056,0.0,0.0,0.008124629,0.0
8.5,12.0,1.1989136,0.0,4.6383328E-4,0.04356794,0.0,0.0,0.030816332,0.0
8.5,13.0,0.024572924,0.0,1.0374363E-4,0.009730624,0.0,0.0,0.006882489,0.0
8.5,14.0,0.016259681,0.0,9.5628355E-5,0.008968091,0.0,0.0,0.006343142,0.0
8.5,15.0,0.0,0.0,0.0,0.0,0.0,0.0,0.0,0.0
8.5,16.0,0.0,0.0,0.0,0.0,0.0,0.0,0.0,0.0
8.5,17.0,0.0,0.0,0.0,0.0,0.0,0.0,0.0,0.0
8.5,18.0,0.0,0.0,0.0,0.0,0.0,0.0,0.0,0.0
8.5,19.0,0.0,0.0,0.0,0.0,0.0,0.0,0.0,0.0
8.5,20.0,0.0,0.0,0.0,0.0,0.0,0.0,0.0,0.0
8.5,21.0,0.0,0.0,0.0,0.0,0.0,0.0,0.0,0.0
8.5,22.0,0.0,0.0,0.0,0.0,0.0,0.0,0.0,0.0
8.5,23.0,0.0,0.0,0.0,0.0,0.0,0.0,0.0,0.0
8.5,24.0,0.0,0.0,0.0,0.0,0.0,0.0,0.0,0.0
8.5,25.0,0.0,0.0,0.0,0.0,0.0,0.0,0.0,0.0
8.583333,0.0,0.011291075,5.529027E-7,14.135098,7.3336594E-7,0.0,0.0,5.207553E-7,0.0
8.583333,1.0,0.03187659,0.0,1.0829383E-4,0.009849005,0.0,0.0,0.006970333,0.0
8.583333,2.0,0.0,0.0,0.0,0.0,0.0,0.0,0.0,0.0
8.583333,3.0,0.0,0.0,0.0,0.0,0.0,0.0,0.0,0.0
8.583333,4.0,0.0,0.0,0.0,0.0,0.0,0.0,0.0,0.0
8.583333,5.0,0.0,0.0,0.0,0.0,0.0875,0.0,0.0,0.0
8.583333,6.0,0.0,0.0,0.0,0.0,0.0875,0.0,0.0,0.0
8.583333,7.0,0.0,0.0,0.0,0.0,0.0875,0.0,0.0,0.0
8.583333,8.0,0.0,0.0,0.0,0.0,0.086869515,0.0,0.0,0.0
8.583333,9.0,0.0,0.0,0.0,0.0,0.093593545,0.0,0.0,0.0
8.583333,10.0,0.0,0.0,0.0,0.0,0.085604556,0.0,0.0,0.0
8.583333,11.0,0.0,0.0,0.0,0.0,0.08855358,0.0,0.0,0.0
8.583333,12.0,0.0,0.0,0.0,0.0,0.08627516,0.0,0.0,0.0
8.583333,13.0,0.0,0.0,0.0,0.0,0.092244945,0.0,0.0,0.0
8.583333,14.0,0.0,0.0,0.0,0.0,0.08676371,0.0,0.0,0.0
8.583333,15.0,0.0,0.0,0.0,0.0,0.0,0.0,0.0,0.0
8.583333,16.0,0.0,0.0,0.0,0.0,0.0,0.0,0.0,0.0
8.583333,17.0,0.0,0.0,0.0,0.0,0.0,0.0,0.0,0.0
8.583333,18.0,0.0,0.0,0.0,0.0,0.0,0.0,0.0,0.0
8.583333,19.0,0.0,0.0,0.0,0.0,0.0,0.0,0.0,0.0
8.583333,20.0,0.0,0.0,0.0,0.0,0.0,0.0,0.0,0.0
8.583333,21.0,0.0,0.0,0.0,0.0,0.0,0.0,0.0,0.0
8.583333,22.0,0.0,0.0,0.0,0.0,0.0,0.0,0.0,0.0
8.583333,23.0,0.0,0.0,0.0,0.0,0.0,0.0,0.0,0.0
8.583333,24.0,0.0,0.0,0.0,0.0,0.0,0.0,0.0,0.0
8.583333,25.0,0.0,0.0,0.0,0.0,0.0,0.0,0.0,0.0
8.666667,0.0,0.006630343,0.0,14.115958,5.532775E-7,0.0,0.0,3.927911E-7,0.0
8.666667,1.0,0.04054746,0.0,1.098523E-4,0.010035955,0.0,0.0,0.0071019805,0.0
8.666667,2.0,0.0,0.0,0.0,0.0,0.0,0.0,0.0,0.0
8.666667,3.0,0.0,0.0,0.0,0.0,0.0,0.0,0.0,0.0
8.666667,4.0,0.0,0.0,0.0,0.0,0.0,0.0,0.0,0.0
8.666667,5.0,0.0,0.0,0.0,0.0,0.0875,0.0,0.0,0.0
8.666667,6.0,0.0,0.0,0.0,0.0,0.0875,0.0,0.0,0.0
8.666667,7.0,0.0,0.0,0.0,0.0,0.0875,0.0,0.0,0.0
8.666667,8.0,NaN,NaN,NaN,NaN,NaN,NaN,NaN,NaN
8.666667,9.0,0.0,0.0,0.0,0.0,0.5720704,0.0,0.0,0.0
8.666667,10.0,0.0,0.0,0.0,0.0,0.0875,0.0,0.0,0.0
8.666667,11.0,0.0,0.0,0.0,0.0,0.0875,0.0,0.0,0.0
8.666667,12.0,0.0,0.0,0.0,0.0,0.0875,0.0,0.0,0.0
8.666667,13.0,0.0,0.0,0.0,0.0,0.0875,0.0,0.0,0.0
8.666667,14.0,0.0,0.0,0.0,0.0,0.0875,0.0,0.0,0.0
8.666667,15.0,0.0,0.0,0.0,0.0,0.0,0.0,0.0,0.0
8.666667,16.0,0.0,0.0,0.0,0.0,0.0,0.0,0.0,0.0
8.666667,17.0,0.0,0.0,0.0,0.0,0.0,0.0,0.0,0.0
8.666667,18.0,0.0,0.0,0.0,0.0,0.0,0.0,0.0,0.0
8.666667,19.0,0.0,0.0,0.0,0.0,0.0,0.0,0.0,0.0
8.666667,20.0,0.0,0.0,0.0,0.0,0.0,0.0,0.0,0.0
8.666667,21.0,0.0,0.0,0.0,0.0,0.0,0.0,0.0,0.0
8.666667,22.0,0.0,0.0,0.0,0.0,0.0,0.0,0.0,0.0
8.666667,23.0,0.0,0.0,0.0,0.0,0.0,0.0,0.0,0.0
8.666667,24.0,0.0,0.0,0.0,0.0,0.0,0.0,0.0,0.0
8.666667,25.0,0.0,0.0,0.0,0.0,0.0,0.0,0.0,0.0
8.75,0.0,0.85319716,0.0,6.9446816,5.500999E-5,0.0,0.0,3.9069186E-5,0.0
8.75,1.0,0.1044867,0.0,1.08325126E-4,0.009965793,0.0,0.0,0.0070514353,0.0
8.75,2.0,0.0,0.0,0.0,0.0,0.0,0.0,0.0,0.0
8.75,3.0,0.0,0.0,0.0,0.0,0.0,0.0,0.0,0.0
8.75,4.0,0.0,0.0,0.0,0.0,0.0,0.0,0.0,0.0
8.75,5.0,0.0,0.0,0.0,0.0,0.0875,0.0,0.0,0.0
8.75,6.0,0.0,0.0,0.0,0.0,0.0875,0.0,0.0,0.0
8.75,7.0,0.0,0.0,0.0,0.0,0.0875,0.0,0.0,0.0
8.75,8.0,0.0,0.0,0.0,0.0,0.0,0.0,0.0,0.0
8.75,9.0,0.0,0.0,0.0,0.0,0.0875,0.0,0.0,0.0
8.75,10.0,0.0,0.0,0.0,0.0,0.0875,0.0,0.0,0.0
8.75,11.0,0.0,0.0,0.0,0.0,0.0875,0.0,0.0,0.0
8.75,12.0,0.0,0.0,0.0,0.0,0.0875,0.0,0.0,0.0
8.75,13.0,0.0,0.0,0.0,0.0,0.0875,0.0,0.0,0.0
8.75,14.0,0.0,0.0,0.0,0.0,0.0875,0.0,0.0,0.0
8.75,15.0,0.0,0.0,0.0,0.0,0.0,0.0,0.0,0.0
8.75,16.0,0.0,0.0,0.0,0.0,0.0,0.0,0.0,0.0
8.75,17.0,0.0,0.0,0.0,0.0,0.0,0.0,0.0,0.0
8.75,18.0,0.0,0.0,0.0,0.0,0.0,0.0,0.0,0.0
8.75,19.0,0.0,0.0,0.0,0.0,0.0,0.0,0.0,0.0
8.75,20.0,0.0,0.0,0.0,0.0,0.0,0.0,0.0,0.0
8.75,21.0,0.0,0.0,0.0,0.0,0.0,0.0,0.0,0.0
8.75,22.0,0.0,0.0,0.0,0.0,0.0,0.0,0.0,0.0
8.75,23.0,0.0,0.0,0.0,0.0,0.0,0.0,0.0,0.0
8.75,24.0,0.0,0.0,0.0,0.0,0.0,0.0,0.0,0.0
8.75,25.0,0.0,0.0,0.0,0.0,0.0,0.0,0.0,0.0
8.833333,0.0,2.016418,0.0,8.941544E-5,2.443521E-4,0.0,0.0,1.7405074E-4,0.0
8.833333,1.0,0.052413184,0.0,1.0829266E-4,0.009986952,0.0,0.0,0.0070661237,0.0
8.833333,2.0,0.0,0.0,0.0,0.0,0.0,0.0,0.0,0.0
8.833333,3.0,0.0,0.0,0.0,0.0,0.0,0.0,0.0,0.0
8.833333,4.0,0.0,0.0,0.0,0.0,0.0,0.0,0.0,0.0
8.833333,5.0,8.5243635E-4,0.12245564,1.06676576E-4,0.010065533,0.0,0.0,0.0071187485,0.0
8.833333,6.0,0.0067886985,0.12503305,1.0828414E-4,0.010162222,0.0,0.0,0.007187341,0.0
8.833333,7.0,2.2125533,0.17530404,1.1622764E-4,0.01085778,0.0,0.0,0.0076786284,0.0
8.833333,8.0,0.0,0.0,0.0,0.0,0.0,0.0,0.0,0.0
8.833333,9.0,0.006272673,0.12498223,1.08285894E-4,0.010180956,0.0,0.0,0.007200804,0.0
8.833333,10.0,0.038411397,0.12509957,1.08193984E-4,0.010158771,0.0,0.0,0.0071851253,0.0
8.833333,11.0,0.08812993,0.12496049,1.0836641E-4,0.010191376,0.0,0.0,0.007209066,0.0
8.833333,12.0,0.042677224,0.12501818,1.0832695E-4,0.010158726,0.0,0.0,0.0071851388,0.0
8.833333,13.0,0.0026388254,0.12499918,1.0843802E-4,0.010157614,0.0,0.0,0.0071843877,0.0
8.833333,14.0,0.92392945,0.12505631,1.1341808E-4,0.010562713,0.0,0.0,0.0074736075,0.0
8.833333,15.0,0.0,0.0,0.0,0.0,0.0,0.0,0.0,0.0
8.833333,16.0,0.0,0.0,0.0,0.0,0.0,0.0,0.0,0.0
8.833333,17.0,0.0,0.0,0.0,0.0,0.0,0.0,0.0,0.0
8.833333,18.0,0.0,0.0,0.0,0.0,0.0,0.0,0.0,0.0
8.833333,19.0,0.0,0.0,0.0,0.0,0.0,0.0,0.0,0.0
8.833333,20.0,0.0,0.0,0.0,0.0,0.0,0.0,0.0,0.0
8.833333,21.0,0.0,0.0,0.0,0.0,0.0,0.0,0.0,0.0
8.833333,22.0,0.0,0.0,0.0,0.0,0.0,0.0,0.0,0.0
8.833333,23.0,0.0,0.0,0.0,0.0,0.0,0.0,0.0,0.0
8.833333,24.0,0.0,0.0,0.0,0.0,0.0,0.0,0.0,0.0
8.833333,25.0,0.0,0.0,0.0,0.0,0.0,0.0,0.0,0.0
8.916667,0.0,0.9828405,0.0,1.0807289E-4,8.5021823E-4,0.0,0.0,6.069775E-4,0.0
8.916667,1.0,0.015084487,0.0,1.0829856E-4,0.010017423,0.0,0.0,0.0070872293,0.0
8.916667,2.0,0.0,0.0,0.0,0.0,0.0,0.0,0.0,0.0
8.916667,3.0,0.0,0.0,0.0,0.0,0.0,0.0,0.0,0.0
8.916667,4.0,0.0,0.0,0.0,0.0,0.0,0.0,0.0,0.0
8.916667,5.0,0.0,0.0,1.0827802E-4,0.010168164,0.0,0.0,0.0071917893,0.0
8.916667,6.0,6.854714E-7,0.0,1.0830002E-4,0.0101682,0.0,0.0,0.00719177,0.0
8.916667,7.0,0.6870844,0.0,8.897322E-5,0.007826943,0.0,0.0,0.005535877,0.0
8.916667,8.0,0.0,0.0,0.0,0.0,0.0,0.0,0.0,0.0
8.916667,9.0,0.016756292,0.0,1.08323446E-4,0.010170564,0.0,0.0,0.007193565,0.0
8.916667,10.0,0.0045721666,0.0,1.08297E-4,0.010164979,0.0,0.0,0.007189698,0.0
8.916667,11.0,3.3453016,0.0,1.2804584E-4,0.011834778,0.0,0.0,0.008381939,0.0
8.916667,12.0,0.01824262,0.0,1.0835367E-4,0.0101660015,0.0,0.0,0.007190406,0.0
8.916667,13.0,0.007144059,0.0,1.0827472E-4,0.010158132,0.0,0.0,0.007185049,0.0
8.916667,14.0,3.237444,0.0,1.1368741E-4,0.010560097,0.0,0.0,0.0074741016,0.0
8.916667,15.0,0.0,0.0,0.0,0.0,0.0,0.0,0.0,0.0
8.916667,16.0,0.0,0.0,0.0,0.0,0.0,0.0,0.0,0.0
8.916667,17.0,0.0,0.0,0.0,0.0,0.0,0.0,0.0,0.0
8.916667,18.0,0.0,0.0,0.0,0.0,0.0,0.0,0.0,0.0
8.916667,19.0,0.0,0.0,0.0,0.0,0.0,0.0,0.0,0.0
8.916667,20.0,0.0,0.0,0.0,0.0,0.0,0.0,0.0,0.0
8.916667,21.0,0.0,0.0,0.0,0.0,0.0,0.0,0.0,0.0
8.916667,22.0,0.0,0.0,0.0,0.0,0.0,0.0,0.0,0.0
8.916667,23.0,0.0,0.0,0.0,0.0,0.0,0.0,0.0,0.0
8.916667,24.0,0.0,0.0,0.0,0.0,0.0,0.0,0.0,0.0
8.916667,25.0,0.0,0.0,0.0,0.0,0.0,0.0,0.0,0.0
9.0,0.0,4.5621815,0.0,9.140952E-5,0.0025289315,0.0,0.0,0.0018014784,0.0
9.0,1.0,0.07246635,0.0,1.0833046E-4,0.010044352,0.0,0.0,0.007105937,0.0
9.0,2.0,0.0,0.0,0.0,0.0,0.0,0.0,0.0,0.0
9.0,3.0,0.0,0.0,0.0,0.0,0.0,0.0,0.0,0.0
9.0,4.0,0.0,0.0,0.0,0.0,0.0,0.0,0.0,0.0
9.0,5.0,2.4732723,0.0,1.0384061E-4,0.009288258,0.0,0.0,0.006569388,0.0
9.0,6.0,0.0,0.0,1.0828745E-4,0.010168216,0.0,0.0,0.007191808,0.0
9.0,7.0,0.0,0.0,0.0,0.0,0.0,0.0,0.0,0.0
9.0,8.0,0.0,0.0,0.0,0.0,0.0,0.0,0.0,0.0
9.0,9.0,6.327967E-4,0.0,1.08228436E-4,0.01016392,0.0,0.0,0.007188695,0.0
9.0,10.0,0.0026984408,0.0,1.0827822E-4,0.010165096,0.0,0.0,0.0071896594,0.0
9.0,11.0,0.022782642,0.0,1.08289394E-4,0.010165504,0.0,0.0,0.007189914,0.0
9.0,12.0,0.022484118,0.0,1.0709838E-4,0.010051679,0.0,0.0,0.007109444,0.0
9.0,13.0,1.4864193,0.0,9.619226E-5,0.009314778,0.0,0.0,0.006588341,0.0
9.0,14.0,0.0,0.0,0.0,0.0,0.0,0.0,0.0,0.0
9.0,15.0,0.0,0.0,0.0,0.0,0.0,0.0,0.0,0.0
9.0,16.0,0.0,0.0,0.0,0.0,0.0,0.0,0.0,0.0
9.0,17.0,0.0,0.0,0.0,0.0,0.0,0.0,0.0,0.0
9.0,18.0,0.0,0.0,0.0,0.0,0.0,0.0,0.0,0.0
9.0,19.0,0.0,0.0,0.0,0.0,0.0,0.0,0.0,0.0
9.0,20.0,0.0,0.0,0.0,0.0,0.0,0.0,0.0,0.0
9.0,21.0,0.0,0.0,0.0,0.0,0.0,0.0,0.0,0.0
9.0,22.0,0.0,0.0,0.0,0.0,0.0,0.0,0.0,0.0
9.0,23.0,0.0,0.0,0.0,0.0,0.0,0.0,0.0,0.0
9.0,24.0,0.0,0.0,0.0,0.0,0.0,0.0,0.0,0.0
9.0,25.0,0.0,0.0,0.0,0.0,0.0,0.0,0.0,0.0
9.083333,0.0,1.5221019,0.0,9.946366E-5,0.00294341,0.0,0.0,0.0020808787,0.0
9.083333,1.0,0.10723818,0.0,1.08272696E-4,0.010005569,0.0,0.0,0.0069990302,0.0
9.083333,2.0,0.0,0.0,0.0,0.0,0.0,0.0,0.0,0.0
9.083333,3.0,0.0,0.0,0.0,0.0,0.0,0.0,0.0,0.0
9.083333,4.0,0.0,0.0,0.0,0.0,0.0,0.0,0.0,0.0
9.083333,5.0,0.0,0.0,0.0,0.0,0.0,0.0,0.0,0.0
9.083333,6.0,0.01576607,0.0,1.08316206E-4,0.010084302,0.0,0.0,0.0070527066,0.0
9.083333,7.0,0.0,0.0,0.0,0.0,0.0,0.0,0.0,0.0
9.083333,8.0,0.0,0.0,0.0,0.0,0.0,0.0,0.0,0.0
9.083333,9.0,0.008405642,0.0,1.0808709E-4,0.010064932,0.0,0.0,0.0070392266,0.0
9.083333,10.0,0.006865189,0.0,1.0830548E-4,0.010080538,0.0,0.0,0.007050269,0.0
9.083333,11.0,0.016816957,0.0,1.08277185E-4,0.010080903,0.0,0.0,0.007050462,0.0
9.083333,12.0,0.011594061,0.0,1.0831655E-4,0.010078213,0.0,0.0,0.0070487154,0.0
9.083333,13.0,0.025793185,0.0,1.0829377E-4,0.010074881,0.0,0.0,0.0070463875,0.0
9.083333,14.0,0.0,0.0,0.0,0.0,0.0,0.0,0.0,0.0
9.083333,15.0,0.0,0.0,0.0,0.0,0.0,0.0,0.0,0.0
9.083333,16.0,0.0,0.0,0.0,0.0,0.0,0.0,0.0,0.0
9.083333,17.0,0.0,0.0,0.0,0.0,0.0,0.0,0.0,0.0
9.083333,18.0,0.0,0.0,0.0,0.0,0.0,0.0,0.0,0.0
9.083333,19.0,0.0,0.0,0.0,0.0,0.0,0.0,0.0,0.0
9.083333,20.0,0.0,0.0,0.0,0.0,0.0,0.0,0.0,0.0
9.083333,21.0,0.0,0.0,0.0,0.0,0.0,0.0,0.0,0.0
9.083333,22.0,0.0,0.0,0.0,0.0,0.0,0.0,0.0,0.0
9.083333,23.0,0.0,0.0,0.0,0.0,0.0,0.0,0.0,0.0
9.083333,24.0,0.0,0.0,0.0,0.0,0.0,0.0,0.0,0.0
9.083333,25.0,0.0,0.0,0.0,0.0,0.0,0.0,0.0,0.0
9.166667,0.0,0.21140742,0.0,1.0862261E-4,0.0057139103,0.0,0.0,0.00402999,0.0
9.166667,1.0,0.006224456,0.0,1.08262866E-4,0.009995372,0.0,0.0,0.0069915545,0.0
9.166667,2.0,0.0,0.0,0.0,0.0,0.0,0.0,0.0,0.0
9.166667,3.0,0.0,0.0,0.0,0.0,0.0,0.0,0.0,0.0
9.166667,4.0,0.0,0.0,0.0,0.0,0.0,0.0,0.0,0.0
9.166667,5.0,0.0,0.0,0.0,0.0,0.0,0.0,0.0,0.0
9.166667,6.0,0.08923658,0.0,1.0837169E-4,0.010097757,0.0,0.0,0.007062162,0.0
9.166667,7.0,0.0,0.0,0.0,0.0,0.0,0.0,0.0,0.0
9.166667,8.0,0.0,0.0,0.0,0.0,0.0,0.0,0.0,0.0
9.166667,9.0,0.07793551,0.0,1.0840538E-4,0.01009322,0.0,0.0,0.0070592333,0.0
9.166667,10.0,0.007890992,0.0,1.08273794E-4,0.010080499,0.0,0.0,0.0070502535,0.0
9.166667,11.0,0.14277829,0.0,6.510644E-5,0.006059531,0.0,0.0,0.004238018,0.0
9.166667,12.0,0.15217936,0.0,1.0113901E-4,0.00940357,0.0,0.0,0.006576504,0.0
9.166667,13.0,0.042742357,0.0,2.3017226E-4,0.021422155,0.0,0.0,0.014982577,0.0
9.166667,14.0,0.0,0.0,0.0,0.0,0.0,0.0,0.0,0.0
9.166667,15.0,0.0,0.0,0.0,0.0,0.0,0.0,0.0,0.0
9.166667,16.0,0.0,0.0,0.0,0.0,0.0,0.0,0.0,0.0
9.166667,17.0,0.0,0.0,0.0,0.0,0.0,0.0,0.0,0.0
9.166667,18.0,0.0,0.0,0.0,0.0,0.0,0.0,0.0,0.0
9.166667,19.0,0.0,0.0,0.0,0.0,0.0,0.0,0.0,0.0
9.166667,20.0,0.0,0.0,0.0,0.0,0.0,0.0,0.0,0.0
9.166667,21.0,0.0,0.0,0.0,0.0,0.0,0.0,0.0,0.0
9.166667,22.0,0.0,0.0,0.0,0.0,0.0,0.0,0.0,0.0
9.166667,23.0,0.0,0.0,0.0,0.0,0.0,0.0,0.0,0.0
9.166667,24.0,0.0,0.0,0.0,0.0,0.0,0.0,0.0,0.0
9.166667,25.0,0.0,0.0,0.0,0.0,0.0,0.0,0.0,0.0
9.25,0.0,0.024955546,0.0,7.5926194,0.0034349735,0.0,0.0,0.0024174207,0.0
9.25,1.0,NaN,NaN,NaN,NaN,NaN,NaN,NaN,NaN
9.25,2.0,0.0,0.0,0.0,0.0,0.0,0.0,0.0,0.0
9.25,3.0,0.0,0.0,0.0,0.0,0.0,0.0,0.0,0.0
9.25,4.0,0.0,0.0,0.0,0.0,0.0,0.0,0.0,0.0
9.25,5.0,0.0,0.0,0.0,0.0,0.0,0.0,0.0,0.0
9.25,6.0,NaN,NaN,NaN,NaN,NaN,NaN,NaN,NaN
9.25,7.0,0.0,0.0,0.0,0.0,0.0,0.0,0.0,0.0
9.25,8.0,0.0,0.0,0.0,0.0,0.0,0.0,0.0,0.0
9.25,9.0,0.051883414,0.0,1.0836227E-4,0.010091484,0.0,0.0,0.0070578037,0.0
9.25,10.0,0.22051762,0.0,1.08979286E-4,0.010148898,0.0,0.0,0.007097908,0.0
9.25,11.0,0.0,0.0,0.0,0.0,0.0,0.0,0.0,0.0
9.25,12.0,0.067697175,0.0,1.0532827E-4,0.009800769,0.0,0.0,0.0068545598,0.0
9.25,13.0,0.18618032,0.0,1.217179E-4,0.011326755,0.0,0.0,0.007921841,0.0
9.25,14.0,0.0,0.0,0.0,0.0,0.0,0.0,0.0,0.0
9.25,15.0,0.0,0.0,0.0,0.0,0.0,0.0,0.0,0.0
9.25,16.0,0.0,0.0,0.0,0.0,0.0,0.0,0.0,0.0
9.25,17.0,0.0,0.0,0.0,0.0,0.0,0.0,0.0,0.0
9.25,18.0,0.0,0.0,0.0,0.0,0.0,0.0,0.0,0.0
9.25,19.0,0.0,0.0,0.0,0.0,0.0,0.0,0.0,0.0
9.25,20.0,0.0,0.0,0.0,0.0,0.0,0.0,0.0,0.0
9.25,21.0,0.0,0.0,0.0,0.0,0.0,0.0,0.0,0.0
9.25,22.0,0.0,0.0,0.0,0.0,0.0,0.0,0.0,0.0
9.25,23.0,0.0,0.0,0.0,0.0,0.0,0.0,0.0,0.0
9.25,24.0,0.0,0.0,0.0,0.0,0.0,0.0,0.0,0.0
9.25,25.0,0.0,0.0,0.0,0.0,0.0,0.0,0.0,0.0
9.333333,0.0,0.0051307194,0.0,14.186139,4.043938E-7,0.0,0.0,2.8493466E-7,0.0
9.333333,1.0,0.0,0.0,0.0,0.0,0.0,0.0,0.0,0.0
9.333333,2.0,0.05470665,0.0,1.0828429E-4,0.010027567,0.0,0.0,0.0070139477,0.0
9.333333,3.0,0.0,0.0,0.0,0.0,0.0,0.0,0.0,0.0
9.333333,4.0,0.0,0.0,0.0,0.0,0.0,0.0,0.0,0.0
9.333333,5.0,0.0,0.0,0.0,0.0,0.0,0.0,0.0,0.0
9.333333,6.0,0.0,0.0,0.0,0.0,0.0,0.0,0.0,0.0
9.333333,7.0,0.0028458114,0.0,1.0828026E-4,0.010083612,0.0,0.0,0.0070523373,0.0
9.333333,8.0,0.0,0.0,0.0,0.0,0.0,0.0,0.0,0.0
9.333333,9.0,0.0026992252,0.0,1.0828399E-4,0.010083861,0.0,0.0,0.0070524253,0.0
9.333333,10.0,0.06865986,0.0,1.0825759E-4,0.01008933,0.0,0.0,0.0070563597,0.0
9.333333,11.0,0.0,0.0,0.0,0.0,0.0,0.0,0.0,0.0
9.333333,12.0,0.031380575,0.0,1.08296634E-4,0.010080435,0.0,0.0,0.0070499415,0.0
9.333333,13.0,0.06864496,0.0,1.0835903E-4,0.010080729,0.0,0.0,0.007050433,0.0
9.333333,14.0,0.0,0.0,0.0,0.0,0.0,0.0,0.0,0.0
9.333333,15.0,0.0,0.0,0.0,0.0,0.0,0.0,0.0,0.0
9.333333,16.0,0.0,0.0,0.0,0.0,0.0,0.0,0.0,0.0
9.333333,17.0,0.0,0.0,0.0,0.0,0.0,0.0,0.0,0.0
9.333333,18.0,0.0,0.0,0.0,0.0,0.0,0.0,0.0,0.0
9.333333,19.0,0.0,0.0,0.0,0.0,0.0,0.0,0.0,0.0
9.333333,20.0,0.0,0.0,0.0,0.0,0.0,0.0,0.0,0.0
9.333333,21.0,0.0,0.0,0.0,0.0,0.0,0.0,0.0,0.0
9.333333,22.0,0.0,0.0,0.0,0.0,0.0,0.0,0.0,0.0
9.333333,23.0,0.0,0.0,0.0,0.0,0.0,0.0,0.0,0.0
9.333333,24.0,0.0,0.0,0.0,0.0,0.0,0.0,0.0,0.0
9.333333,25.0,0.0,0.0,0.0,0.0,0.0,0.0,0.0,0.0
9.416667,0.0,0.0075158672,0.0,14.151457,5.155193E-7,0.0,0.0,3.6335874E-7,0.0
9.416667,1.0,0.0,0.0,0.0,0.0,0.0,0.0,0.0,0.0
9.416667,2.0,0.040455904,0.0,1.0833218E-4,0.010029758,0.0,0.0,0.007015183,0.0
9.416667,3.0,0.0,0.0,0.0,0.0,0.0,0.0,0.0,0.0
9.416667,4.0,0.0,0.0,0.0,0.0,0.0,0.0,0.0,0.0
9.416667,5.0,0.0,0.0,0.0,0.0,0.0,0.0,0.0,0.0
9.416667,6.0,0.0,0.0,0.0,0.0,0.0,0.0,0.0,0.0
9.416667,7.0,0.012128215,0.0,1.08298715E-4,0.010083537,0.0,0.0,0.007052257,0.0
9.416667,8.0,0.0,0.0,0.0,0.0,0.0,0.0,0.0,0.0
9.416667,9.0,0.030815339,0.0,1.0782163E-4,0.010039523,0.0,0.0,0.007021497,0.0
9.416667,10.0,0.060139652,0.0,1.233311E-4,0.011479019,0.0,0.0,0.008028373,0.0
9.416667,11.0,0.0,0.0,0.0,0.0,0.0,0.0,0.0,0.0
9.416667,12.0,0.14147906,0.0,1.0673711E-4,0.009928091,0.0,0.0,0.006943716,0.0
9.416667,13.0,0.21852101,0.0,1.1135288E-4,0.010365685,0.0,0.0,0.007249656,0.0
9.416667,14.0,0.0,0.0,0.0,0.0,0.0,0.0,0.0,0.0
9.416667,15.0,0.0,0.0,0.0,0.0,0.0,0.0,0.0,0.0
9.416667,16.0,0.0,0.0,0.0,0.0,0.0,0.0,0.0,0.0
9.416667,17.0,0.0,0.0,0.0,0.0,0.0,0.0,0.0,0.0
9.416667,18.0,0.0,0.0,0.0,0.0,0.0,0.0,0.0,0.0
9.416667,19.0,0.0,0.0,0.0,0.0,0.0,0.0,0.0,0.0
9.416667,20.0,0.0,0.0,0.0,0.0,0.0,0.0,0.0,0.0
9.416667,21.0,0.0,0.0,0.0,0.0,0.0,0.0,0.0,0.0
9.416667,22.0,0.0,0.0,0.0,0.0,0.0,0.0,0.0,0.0
9.416667,23.0,0.0,0.0,0.0,0.0,0.0,0.0,0.0,0.0
9.416667,24.0,0.0,0.0,0.0,0.0,0.0,0.0,0.0,0.0
9.416667,25.0,0.0,0.0,0.0,0.0,0.0,0.0,0.0,0.0
9.5,0.0,0.008182231,0.0,14.209994,5.980366E-7,0.0,0.0,4.217103E-7,0.0
9.5,1.0,0.38059333,0.0,1.7504335E-5,0.0019670695,0.0,0.0,0.0013771127,0.0
9.5,2.0,0.10400539,0.0,1.0844948E-4,0.01004689,0.0,0.0,0.007027323,0.0
9.5,3.0,0.0,0.0,0.0,0.0,0.0,0.0,0.0,0.0
9.5,4.0,0.0,0.0,0.0,0.0,0.0,0.0,0.0,0.0
9.5,5.0,0.0,0.0,0.0,0.0,0.0,0.0,0.0,0.0
9.5,6.0,0.0,0.0,0.0,0.0,0.0,0.0,0.0,0.0
9.5,7.0,0.0015805922,0.0,1.08293745E-4,0.010083557,0.0,0.0,0.0070522106,0.0
9.5,8.0,0.0,0.0,0.0,0.0,0.0,0.0,0.0,0.0
9.5,9.0,0.0010745772,0.0,1.03718805E-4,0.009657376,0.0,0.0,0.006754267,0.0
9.5,10.0,1.0965894,0.0,2.3587586E-4,0.02194798,0.0,0.0,0.015350923,0.0
9.5,11.0,0.0,0.0,0.0,0.0,0.0,0.0,0.0,0.0
9.5,12.0,NaN,NaN,NaN,NaN,NaN,NaN,NaN,NaN
9.5,13.0,0.11606158,0.0,3.57613E-4,0.033287123,0.0,0.0,0.02328074,0.0
9.5,14.0,0.0,0.0,0.0,0.0,0.0,0.0,0.0,0.0
9.5,15.0,0.0,0.0,0.0,0.0,0.0,0.0,0.0,0.0
9.5,16.0,0.0,0.0,0.0,0.0,0.0,0.0,0.0,0.0
9.5,17.0,0.0,0.0,0.0,0.0,0.0,0.0,0.0,0.0
9.5,18.0,0.0,0.0,0.0,0.0,0.0,0.0,0.0,0.0
9.5,19.0,0.0,0.0,0.0,0.0,0.0,0.0,0.0,0.0
9.5,20.0,0.0,0.0,0.0,0.0,0.0,0.0,0.0,0.0
9.5,21.0,0.0,0.0,0.0,0.0,0.0,0.0,0.0,0.0
9.5,22.0,0.0,0.0,0.0,0.0,0.0,0.0,0.0,0.0
9.5,23.0,0.0,0.0,0.0,0.0,0.0,0.0,0.0,0.0
9.5,24.0,0.0,0.0,0.0,0.0,0.0,0.0,0.0,0.0
9.5,25.0,0.0,0.0,0.0,0.0,0.0,0.0,0.0,0.0
9.583333,0.0,0.007659879,0.0,14.181375,6.344228E-7,0.0,0.0,4.474971E-7,0.0
9.583333,1.0,0.0,0.0,0.0,0.0,0.0,0.0,0.0,0.0
9.583333,2.0,0.15998878,0.0,1.0860283E-4,0.010056623,0.0,0.0,0.007034003,0.0
9.583333,3.0,0.0,0.0,0.0,0.0,0.0,0.0,0.0,0.0
9.583333,4.0,0.0,0.0,0.0,0.0,0.0,0.0,0.0,0.0
9.583333,5.0,0.0,0.0,0.0,0.0,0.0,0.0,0.0,0.0
9.583333,6.0,0.0,0.0,0.0,0.0,0.0,0.0,0.0,0.0
9.583333,7.0,0.0,0.0,0.0,0.0,0.0875,0.0,0.0,0.0
9.583333,8.0,0.0,0.0,0.0,0.0,0.0,0.0,0.0,0.0
9.583333,9.0,0.0,0.0,0.0,0.0,0.0875,0.0,0.0,0.0
9.583333,10.0,0.0,0.0,0.0,0.0,0.0875,0.0,0.0,0.0
9.583333,11.0,0.0,0.0,0.0,0.0,0.0875,0.0,0.0,0.0
9.583333,12.0,0.0,0.0,0.0,0.0,0.0,0.0,0.0,0.0
9.583333,13.0,0.0,0.0,0.0,0.0,0.0875,0.0,0.0,0.0
9.583333,14.0,0.0,0.0,0.0,0.0,0.0,0.0,0.0,0.0
9.583333,15.0,0.0,0.0,0.0,0.0,0.0,0.0,0.0,0.0
9.583333,16.0,0.0,0.0,0.0,0.0,0.0,0.0,0.0,0.0
9.583333,17.0,0.0,0.0,0.0,0.0,0.0,0.0,0.0,0.0
9.583333,18.0,0.0,0.0,0.0,0.0,0.0,0.0,0.0,0.0
9.583333,19.0,0.0,0.0,0.0,0.0,0.0,0.0,0.0,0.0
9.583333,20.0,0.0,0.0,0.0,0.0,0.0,0.0,0.0,0.0
9.583333,21.0,0.0,0.0,0.0,0.0,0.0,0.0,0.0,0.0
9.583333,22.0,0.0,0.0,0.0,0.0,0.0,0.0,0.0,0.0
9.583333,23.0,0.0,0.0,0.0,0.0,0.0,0.0,0.0,0.0
9.583333,24.0,0.0,0.0,0.0,0.0,0.0,0.0,0.0,0.0
9.583333,25.0,0.0,0.0,0.0,0.0,0.0,0.0,0.0,0.0
9.666667,0.0,0.0076037687,0.0,14.142735,6.1605317E-7,0.0,0.0,4.3452235E-7,0.0
9.666667,1.0,0.0,0.0,0.0,0.0,0.0,0.0,0.0,0.0
9.666667,2.0,0.16433138,0.0,1.0842136E-4,0.010076686,0.0,0.0,0.007047552,0.0
9.666667,3.0,0.0,0.0,0.0,0.0,0.0,0.0,0.0,0.0
9.666667,4.0,0.0,0.0,0.0,0.0,0.0,0.0,0.0,0.0
9.666667,5.0,0.0,0.0,0.0,0.0,0.0,0.0,0.0,0.0
9.666667,6.0,0.0,0.0,0.0,0.0,0.0,0.0,0.0,0.0
9.666667,7.0,0.0,0.0,0.0,0.0,0.0875,0.0,0.0,0.0
9.666667,8.0,0.0,0.0,0.0,0.0,0.0,0.0,0.0,0.0
9.666667,9.0,NaN,NaN,NaN,NaN,NaN,NaN,NaN,NaN
9.666667,10.0,0.0,0.0,0.0,0.0,1.0480934,0.0,0.0,0.0
9.666667,11.0,0.0,0.0,0.0,0.0,0.0875,0.0,0.0,0.0
9.666667,12.0,0.0,0.0,0.0,0.0,0.0,0.0,0.0,0.0
9.666667,13.0,0.0,0.0,0.0,0.0,0.0875,0.0,0.0,0.0
9.666667,14.0,0.0,0.0,0.0,0.0,0.0,0.0,0.0,0.0
9.666667,15.0,0.0,0.0,0.0,0.0,0.0,0.0,0.0,0.0
9.666667,16.0,0.0,0.0,0.0,0.0,0.0,0.0,0.0,0.0
9.666667,17.0,0.0,0.0,0.0,0.0,0.0,0.0,0.0,0.0
9.666667,18.0,0.0,0.0,0.0,0.0,0.0,0.0,0.0,0.0
9.666667,19.0,0.0,0.0,0.0,0.0,0.0,0.0,0.0,0.0
9.666667,20.0,0.0,0.0,0.0,0.0,0.0,0.0,0.0,0.0
9.666667,21.0,0.0,0.0,0.0,0.0,0.0,0.0,0.0,0.0
9.666667,22.0,0.0,0.0,0.0,0.0,0.0,0.0,0.0,0.0
9.666667,23.0,0.0,0.0,0.0,0.0,0.0,0.0,0.0,0.0
9.666667,24.0,0.0,0.0,0.0,0.0,0.0,0.0,0.0,0.0
9.666667,25.0,0.0,0.0,0.0,0.0,0.0,0.0,0.0,0.0
9.75,0.0,0.69339967,0.0,6.9546185,5.9548463E-5,0.0,0.0,4.2020816E-5,0.0
9.75,1.0,0.0,0.0,0.0,0.0,0.0,0.0,0.0,0.0
9.75,2.0,0.019073633,0.0,1.08289874E-4,0.010058355,0.0,0.0,0.00703508,0.0
9.75,3.0,0.0,0.0,0.0,0.0,0.0,0.0,0.0,0.0
9.75,4.0,0.0,0.0,0.0,0.0,0.0,0.0,0.0,0.0
9.75,5.0,0.0,0.0,0.0,0.0,0.0,0.0,0.0,0.0
9.75,6.0,0.0,0.0,0.0,0.0,0.0,0.0,0.0,0.0
9.75,7.0,0.0,0.0,0.0,0.0,0.0875,0.0,0.0,0.0
9.75,8.0,0.0,0.0,0.0,0.0,0.0,0.0,0.0,0.0
9.75,9.0,0.0,0.0,0.0,0.0,0.0,0.0,0.0,0.0
9.75,10.0,0.0,0.0,0.0,0.0,0.0875,0.0,0.0,0.0
9.75,11.0,0.0,0.0,0.0,0.0,0.0875,0.0,0.0,0.0
9.75,12.0,0.0,0.0,0.0,0.0,0.0,0.0,0.0,0.0
9.75,13.0,0.0,0.0,0.0,0.0,0.0875,0.0,0.0,0.0
9.75,14.0,0.0,0.0,0.0,0.0,0.0,0.0,0.0,0.0
9.75,15.0,0.0,0.0,0.0,0.0,0.0,0.0,0.0,0.0
9.75,16.0,0.0,0.0,0.0,0.0,0.0,0.0,0.0,0.0
9.75,17.0,0.0,0.0,0.0,0.0,0.0,0.0,0.0,0.0
9.75,18.0,0.0,0.0,0.0,0.0,0.0,0.0,0.0,0.0
9.75,19.0,0.0,0.0,0.0,0.0,0.0,0.0,0.0,0.0
9.75,20.0,0.0,0.0,0.0,0.0,0.0,0.0,0.0,0.0
9.75,21.0,0.0,0.0,0.0,0.0,0.0,0.0,0.0,0.0
9.75,22.0,0.0,0.0,0.0,0.0,0.0,0.0,0.0,0.0
9.75,23.0,0.0,0.0,0.0,0.0,0.0,0.0,0.0,0.0
9.75,24.0,0.0,0.0,0.0,0.0,0.0,0.0,0.0,0.0
9.75,25.0,0.0,0.0,0.0,0.0,0.0,0.0,0.0,0.0
9.833333,0.0,1.5392389,0.0,9.867776E-5,2.4056555E-4,0.0,0.0,1.70017E-4,0.0
9.833333,1.0,0.0,0.0,0.0,0.0,0.0,0.0,0.0,0.0
9.833333,2.0,0.062144794,0.0,1.0831826E-4,0.010063762,0.0,0.0,0.007038665,0.0
9.833333,3.0,0.0,0.0,0.0,0.0,0.0,0.0,0.0,0.0
9.833333,4.0,0.0,0.0,0.0,0.0,0.0,0.0,0.0,0.0
9.833333,5.0,0.0,0.0,0.0,0.0,0.0,0.0,0.0,0.0
9.833333,6.0,0.0,0.0,0.0,0.0,0.0,0.0,0.0,0.0
9.833333,7.0,0.0015900898,0.12496817,1.0819727E-4,0.0101026865,0.0,0.0,0.0070656263,0.0
9.833333,8.0,0.0,0.0,0.0,0.0,0.0,0.0,0.0,0.0
9.833333,9.0,0.0,0.0,0.0,0.0,0.0,0.0,0.0,0.0
9.833333,10.0,0.004619888,0.12502298,1.0834867E-4,0.010083795,0.0,0.0,0.007052463,0.0
9.833333,11.0,1.4231682,0.15777907,1.2107216E-4,0.011154721,0.0,0.0,0.007801269,0.0
9.833333,12.0,0.0,0.0,0.0,0.0,0.0,0.0,0.0,0.0
9.833333,13.0,0.13163717,0.12543635,1.08737586E-4,0.010122019,0.0,0.0,0.007078712,0.0
9.833333,14.0,0.0,0.0,0.0,0.0,0.0,0.0,0.0,0.0
9.833333,15.0,0.0,0.0,0.0,0.0,0.0,0.0,0.0,0.0
9.833333,16.0,0.0,0.0,0.0,0.0,0.0,0.0,0.0,0.0
9.833333,17.0,0.0,0.0,0.0,0.0,0.0,0.0,0.0,0.0
9.833333,18.0,0.0,0.0,0.0,0.0,0.0,0.0,0.0,0.0
9.833333,19.0,0.0,0.0,0.0,0.0,0.0,0.0,0.0,0.0
9.833333,20.0,0.0,0.0,0.0,0.0,0.0,0.0,0.0,0.0
9.833333,21.0,0.0,0.0,0.0,0.0,0.0,0.0,0.0,0.0
9.833333,22.0,0.0,0.0,0.0,0.0,0.0,0.0,0.0,0.0
9.833333,23.0,0.0,0.0,0.0,0.0,0.0,0.0,0.0,0.0
9.833333,24.0,0.0,0.0,0.0,0.0,0.0,0.0,0.0,0.0
9.833333,25.0,0.0,0.0,0.0,0.0,0.0,0.0,0.0,0.0
9.916667,0.0,0.8979618,0.0,1.0464055E-4,6.9200376E-4,0.0,0.0,4.897199E-4,0.0
9.916667,1.0,0.0,0.0,0.0,0.0,0.0,0.0,0.0,0.0
9.916667,2.0,0.0095440475,0.0,1.0827651E-4,0.010063648,0.0,0.0,0.007038662,0.0
9.916667,3.0,0.0,0.0,0.0,0.0,0.0,0.0,0.0,0.0
9.916667,4.0,0.0,0.0,0.0,0.0,0.0,0.0,0.0,0.0
9.916667,5.0,0.0,0.0,0.0,0.0,0.0,0.0,0.0,0.0
9.916667,6.0,0.0,0.0,0.0,0.0,0.0,0.0,0.0,0.0
9.916667,7.0,0.031679593,0.0,1.0835336E-4,0.010086763,0.0,0.0,0.007054563,0.0
9.916667,8.0,0.0,0.0,0.0,0.0,0.0,0.0,0.0,0.0
9.916667,9.0,0.0,0.0,0.0,0.0,0.0,0.0,0.0,0.0
9.916667,10.0,0.022405153,0.0,1.08304695E-4,0.01008587,0.0,0.0,0.007054052,0.0
9.916667,11.0,0.10711167,0.0,1.0837648E-4,0.010086119,0.0,0.0,0.007054198,0.0
9.916667,12.0,0.0,0.0,0.0,0.0,0.0,0.0,0.0,0.0
9.916667,13.0,0.02901718,0.0,1.0826993E-4,0.010079272,0.0,0.0,0.0070492076,0.0
9.916667,14.0,0.0,0.0,0.0,0.0,0.0,0.0,0.0,0.0
9.916667,15.0,0.0,0.0,0.0,0.0,0.0,0.0,0.0,0.0
9.916667,16.0,0.0,0.0,0.0,0.0,0.0,0.0,0.0,0.0
9.916667,17.0,0.0,0.0,0.0,0.0,0.0,0.0,0.0,0.0
9.916667,18.0,0.0,0.0,0.0,0.0,0.0,0.0,0.0,0.0
9.916667,19.0,0.0,0.0,0.0,0.0,0.0,0.0,0.0,0.0
9.916667,20.0,0.0,0.0,0.0,0.0,0.0,0.0,0.0,0.0
9.916667,21.0,0.0,0.0,0.0,0.0,0.0,0.0,0.0,0.0
9.916667,22.0,0.0,0.0,0.0,0.0,0.0,0.0,0.0,0.0
9.916667,23.0,0.0,0.0,0.0,0.0,0.0,0.0,0.0,0.0
9.916667,24.0,0.0,0.0,0.0,0.0,0.0,0.0,0.0,0.0
9.916667,25.0,0.0,0.0,0.0,0.0,0.0,0.0,0.0,0.0
10.0,0.0,1.235684,0.0,1.1244557E-4,0.0013161825,0.0,0.0,9.3139685E-4,0.0
10.0,1.0,0.0,0.0,0.0,0.0,0.0,0.0,0.0,0.0
10.0,2.0,0.027491856,0.0,1.08286724E-4,0.010068005,0.0,0.0,0.007041552,0.0
10.0,3.0,0.0,0.0,0.0,0.0,0.0,0.0,0.0,0.0
10.0,4.0,0.0,0.0,0.0,0.0,0.0,0.0,0.0,0.0
10.0,5.0,0.0,0.0,0.0,0.0,0.0,0.0,0.0,0.0
10.0,6.0,0.0,0.0,0.0,0.0,0.0,0.0,0.0,0.0
10.0,7.0,0.4207424,0.0,1.0957095E-4,0.01018343,0.0,0.0,0.0071221916,0.0
10.0,8.0,0.0,0.0,0.0,0.0,0.0,0.0,0.0,0.0
10.0,9.0,0.0,0.0,0.0,0.0,0.0,0.0,0.0,0.0
10.0,10.0,0.0042831013,0.0,1.08285894E-4,0.010083687,0.0,0.0,0.007052296,0.0
10.0,11.0,0.31537047,0.0,1.0929909E-4,0.0101731485,0.0,0.0,0.0071147913,0.0
10.0,12.0,0.0,0.0,0.0,0.0,0.0,0.0,0.0,0.0
10.0,13.0,0.018381223,0.0,1.06197425E-4,0.0099189235,0.0,0.0,0.006933668,0.0
10.0,14.0,0.0,0.0,0.0,0.0,0.0,0.0,0.0,0.0
10.0,15.0,0.0,0.0,0.0,0.0,0.0,0.0,0.0,0.0
10.0,16.0,0.0,0.0,0.0,0.0,0.0,0.0,0.0,0.0
10.0,17.0,0.0,0.0,0.0,0.0,0.0,0.0,0.0,0.0
10.0,18.0,0.0,0.0,0.0,0.0,0.0,0.0,0.0,0.0
10.0,19.0,0.0,0.0,0.0,0.0,0.0,0.0,0.0,0.0
10.0,20.0,0.0,0.0,0.0,0.0,0.0,0.0,0.0,0.0
10.0,21.0,0.0,0.0,0.0,0.0,0.0,0.0,0.0,0.0
10.0,22.0,0.0,0.0,0.0,0.0,0.0,0.0,0.0,0.0
10.0,23.0,0.0,0.0,0.0,0.0,0.0,0.0,0.0,0.0
10.0,24.0,0.0,0.0,0.0,0.0,0.0,0.0,0.0,0.0
10.0,25.0,0.0,0.0,0.0,0.0,0.0,0.0,0.0,0.0
10.083333,0.0,0.72358936,0.0,1.02878366E-4,8.2575704E-4,0.0,0.0,6.7368656E-4,0.0
10.083333,1.0,0.0,0.0,0.0,0.0,0.0,0.0,0.0,0.0
10.083333,2.0,0.5200955,0.0,1.10468216E-4,0.0064551323,0.0,0.0,0.0054258076,0.0
10.083333,3.0,0.0,0.0,0.0,0.0,0.0,0.0,0.0,0.0
10.083333,4.0,0.0,0.0,0.0,0.0,0.0,0.0,0.0,0.0
10.083333,5.0,0.0,0.0,0.0,0.0,0.0,0.0,0.0,0.0
10.083333,6.0,0.0,0.0,0.0,0.0,0.0,0.0,0.0,0.0
10.083333,7.0,0.4053876,0.0,1.1027463E-4,0.0063831504,0.0,0.0,0.0053634048,0.0
10.083333,8.0,0.0,0.0,0.0,0.0,0.0,0.0,0.0,0.0
10.083333,9.0,0.0,0.0,0.0,0.0,0.0,0.0,0.0,0.0
10.083333,10.0,0.167459,0.0,1.08587425E-4,0.00632477,0.0,0.0,0.005315285,0.0
10.083333,11.0,0.069208086,0.0,1.0837151E-4,0.0063006985,0.0,0.0,0.005295012,0.0
10.083333,12.0,0.0,0.0,0.0,0.0,0.0,0.0,0.0,0.0
10.083333,13.0,0.06369685,0.0,1.08343185E-4,0.006301592,0.0,0.0,0.0052962136,0.0
10.083333,14.0,0.0,0.0,0.0,0.0,0.0,0.0,0.0,0.0
10.083333,15.0,0.0,0.0,0.0,0.0,0.0,0.0,0.0,0.0
10.083333,16.0,0.0,0.0,0.0,0.0,0.0,0.0,0.0,0.0
10.083333,17.0,0.0,0.0,0.0,0.0,0.0,0.0,0.0,0.0
10.083333,18.0,0.0,0.0,0.0,0.0,0.0,0.0,0.0,0.0
10.083333,19.0,0.0,0.0,0.0,0.0,0.0,0.0,0.0,0.0
10.083333,20.0,0.0,0.0,0.0,0.0,0.0,0.0,0.0,0.0
10.083333,21.0,0.0,0.0,0.0,0.0,0.0,0.0,0.0,0.0
10.083333,22.0,0.0,0.0,0.0,0.0,0.0,0.0,0.0,0.0
10.083333,23.0,0.0,0.0,0.0,0.0,0.0,0.0,0.0,0.0
10.083333,24.0,0.0,0.0,0.0,0.0,0.0,0.0,0.0,0.0
10.083333,25.0,0.0,0.0,0.0,0.0,0.0,0.0,0.0,0.0
10.166667,0.0,0.39412796,0.0,1.0898319E-4,0.0013624841,0.0,0.0,0.0011221035,0.0
10.166667,1.0,0.0,0.0,0.0,0.0,0.0,0.0,0.0,0.0
10.166667,2.0,0.16219239,0.0,1.08395994E-4,0.0063081016,0.0,0.0,0.0053022713,0.0
10.166667,3.0,0.0,0.0,0.0,0.0,0.0,0.0,0.0,0.0
10.166667,4.0,0.0,0.0,0.0,0.0,0.0,0.0,0.0,0.0
10.166667,5.0,0.0,0.0,0.0,0.0,0.0,0.0,0.0,0.0
10.166667,6.0,0.0,0.0,0.0,0.0,0.0,0.0,0.0,0.0
10.166667,7.0,0.29164544,0.0,1.08822926E-4,0.0063109114,0.0,0.0,0.0053039715,0.0
10.166667,8.0,0.0,0.0,0.0,0.0,0.0,0.0,0.0,0.0
10.166667,9.0,0.0,0.0,0.0,0.0,0.0,0.0,0.0,0.0
10.166667,10.0,0.118931144,0.0,1.0857233E-4,0.006311328,0.0,0.0,0.005303962,0.0
10.166667,11.0,0.2468104,0.0,1.09354296E-4,0.006350242,0.0,0.0,0.0053368164,0.0
10.166667,12.0,0.0,0.0,0.0,0.0,0.0,0.0,0.0,0.0
10.166667,13.0,8.1546325E-4,0.0,1.082891E-4,0.006297394,0.0,0.0,0.0052924994,0.0
10.166667,14.0,0.0,0.0,0.0,0.0,0.0,0.0,0.0,0.0
10.166667,15.0,0.0,0.0,0.0,0.0,0.0,0.0,0.0,0.0
10.166667,16.0,0.0,0.0,0.0,0.0,0.0,0.0,0.0,0.0
10.166667,17.0,0.0,0.0,0.0,0.0,0.0,0.0,0.0,0.0
10.166667,18.0,0.0,0.0,0.0,0.0,0.0,0.0,0.0,0.0
10.166667,19.0,0.0,0.0,0.0,0.0,0.0,0.0,0.0,0.0
10.166667,20.0,0.0,0.0,0.0,0.0,0.0,0.0,0.0,0.0
10.166667,21.0,0.0,0.0,0.0,0.0,0.0,0.0,0.0,0.0
10.166667,22.0,0.0,0.0,0.0,0.0,0.0,0.0,0.0,0.0
10.166667,23.0,0.0,0.0,0.0,0.0,0.0,0.0,0.0,0.0
10.166667,24.0,0.0,0.0,0.0,0.0,0.0,0.0,0.0,0.0
10.166667,25.0,0.0,0.0,0.0,0.0,0.0,0.0,0.0,0.0
10.25,0.0,0.08345526,0.0,7.5988007,9.486754E-4,0.0,0.0,7.8778085E-4,0.0
10.25,1.0,0.0,0.0,0.0,0.0,0.0,0.0,0.0,0.0
10.25,2.0,NaN,NaN,NaN,NaN,NaN,NaN,NaN,NaN
10.25,3.0,0.0,0.0,0.0,0.0,0.0,0.0,0.0,0.0
10.25,4.0,0.0,0.0,0.0,0.0,0.0,0.0,0.0,0.0
10.25,5.0,0.0,0.0,0.0,0.0,0.0,0.0,0.0,0.0
10.25,6.0,0.0,0.0,0.0,0.0,0.0,0.0,0.0,0.0
10.25,7.0,NaN,NaN,NaN,NaN,NaN,NaN,NaN,NaN
10.25,8.0,0.0,0.0,0.0,0.0,0.0,0.0,0.0,0.0
10.25,9.0,0.0,0.0,0.0,0.0,0.0,0.0,0.0,0.0
10.25,10.0,0.0057228766,0.0,1.082955E-4,0.0063006086,0.0,0.0,0.0052950536,0.0
10.25,11.0,0.01685784,0.0,1.0828862E-4,0.006300157,0.0,0.0,0.0052947593,0.0
10.25,12.0,0.0,0.0,0.0,0.0,0.0,0.0,0.0,0.0
10.25,13.0,0.057114217,0.0,1.0834312E-4,0.0063019646,0.0,0.0,0.0052963574,0.0
10.25,14.0,0.0,0.0,0.0,0.0,0.0,0.0,0.0,0.0
10.25,15.0,0.0,0.0,0.0,0.0,0.0,0.0,0.0,0.0
10.25,16.0,0.0,0.0,0.0,0.0,0.0,0.0,0.0,0.0
10.25,17.0,0.0,0.0,0.0,0.0,0.0,0.0,0.0,0.0
10.25,18.0,0.0,0.0,0.0,0.0,0.0,0.0,0.0,0.0
10.25,19.0,0.0,0.0,0.0,0.0,0.0,0.0,0.0,0.0
10.25,20.0,0.0,0.0,0.0,0.0,0.0,0.0,0.0,0.0
10.25,21.0,0.0,0.0,0.0,0.0,0.0,0.0,0.0,0.0
10.25,22.0,0.0,0.0,0.0,0.0,0.0,0.0,0.0,0.0
10.25,23.0,0.0,0.0,0.0,0.0,0.0,0.0,0.0,0.0
10.25,24.0,0.0,0.0,0.0,0.0,0.0,0.0,0.0,0.0
10.25,25.0,0.0,0.0,0.0,0.0,0.0,0.0,0.0,0.0
10.333333,0.0,0.005743396,0.0,14.413801,3.405982E-7,0.0,0.0,2.7001644E-7,0.0
10.333333,1.0,0.0,0.0,0.0,0.0,0.0,0.0,0.0,0.0
10.333333,2.0,0.0,0.0,0.0,0.0,0.0,0.0,0.0,0.0
10.333333,3.0,0.0677791,0.0,1.08296306E-4,0.0062943427,0.0,0.0,0.0052902373,0.0
10.333333,4.0,0.0,0.0,0.0,0.0,0.0,0.0,0.0,0.0
10.333333,5.0,0.0,0.0,0.0,0.0,0.0,0.0,0.0,0.0
10.333333,6.0,0.0,0.0,0.0,0.0,0.0,0.0,0.0,0.0
10.333333,7.0,0.0,0.0,0.0,0.0,0.0,0.0,0.0,0.0
10.333333,8.0,0.032806132,0.0,1.0830993E-4,0.0063012126,0.0,0.0,0.005295561,0.0
10.333333,9.0,0.0,0.0,0.0,0.0,0.0,0.0,0.0,0.0
10.333333,10.0,0.0035815765,0.0,1.0828168E-4,0.0063005784,0.0,0.0,0.0052949735,0.0
10.333333,11.0,0.26762256,0.0,1.0896686E-4,0.0063435887,0.0,0.0,0.005331405,0.0
10.333333,12.0,0.0,0.0,0.0,0.0,0.0,0.0,0.0,0.0
10.333333,13.0,0.46966827,0.0,1.1585706E-4,0.0067353626,0.0,0.0,0.005660622,0.0
10.333333,14.0,0.0,0.0,0.0,0.0,0.0,0.0,0.0,0.0
10.333333,15.0,0.0,0.0,0.0,0.0,0.0,0.0,0.0,0.0
10.333333,16.0,0.0,0.0,0.0,0.0,0.0,0.0,0.0,0.0
10.333333,17.0,0.0,0.0,0.0,0.0,0.0,0.0,0.0,0.0
10.333333,18.0,0.0,0.0,0.0,0.0,0.0,0.0,0.0,0.0
10.333333,19.0,0.0,0.0,0.0,0.0,0.0,0.0,0.0,0.0
10.333333,20.0,0.0,0.0,0.0,0.0,0.0,0.0,0.0,0.0
10.333333,21.0,0.0,0.0,0.0,0.0,0.0,0.0,0.0,0.0
10.333333,22.0,0.0,0.0,0.0,0.0,0.0,0.0,0.0,0.0
10.333333,23.0,0.0,0.0,0.0,0.0,0.0,0.0,0.0,0.0
10.333333,24.0,0.0,0.0,0.0,0.0,0.0,0.0,0.0,0.0
10.333333,25.0,0.0,0.0,0.0,0.0,0.0,0.0,0.0,0.0
10.416667,0.0,0.017017232,0.0,12.797857,9.672041E-7,0.0,0.0,7.551211E-7,0.0
10.416667,1.0,0.0,0.0,0.0,0.0,0.0,0.0,0.0,0.0
10.416667,2.0,0.0,0.0,0.0,0.0,0.0,0.0,0.0,0.0
10.416667,3.0,0.1069477,0.0,1.0837404E-4,0.006299944,0.0,0.0,0.00529503,0.0
10.416667,4.0,0.0,0.0,0.0,0.0,0.0,0.0,0.0,0.0
10.416667,5.0,0.0,0.0,0.0,0.0,0.0,0.0,0.0,0.0
10.416667,6.0,0.0,0.0,0.0,0.0,0.0,0.0,0.0,0.0
10.416667,7.0,0.0,0.0,0.0,0.0,0.0,0.0,0.0,0.0
10.416667,8.0,0.0041786083,0.0,1.0829017E-4,0.0063005667,0.0,0.0,0.0052949907,0.0
10.416667,9.0,0.0,0.0,0.0,0.0,0.0,0.0,0.0,0.0
10.416667,10.0,2.8535569,0.0,1.113686E-4,0.0064357594,0.0,0.0,0.0054085725,0.0
10.416667,11.0,0.05408705,0.0,9.94045E-5,0.0061050397,0.0,0.0,0.0051308367,0.0
10.416667,12.0,0.0,0.0,0.0,0.0,0.0,0.0,0.0,0.0
10.416667,13.0,0.04080042,0.0,1.0829588E-4,0.0062973094,0.0,0.0,0.0052925083,0.0
10.416667,14.0,0.0,0.0,0.0,0.0,0.0,0.0,0.0,0.0
10.416667,15.0,0.0,0.0,0.0,0.0,0.0,0.0,0.0,0.0
10.416667,16.0,0.0,0.0,0.0,0.0,0.0,0.0,0.0,0.0
10.416667,17.0,0.0,0.0,0.0,0.0,0.0,0.0,0.0,0.0
10.416667,18.0,0.0,0.0,0.0,0.0,0.0,0.0,0.0,0.0
10.416667,19.0,0.0,0.0,0.0,0.0,0.0,0.0,0.0,0.0
10.416667,20.0,0.0,0.0,0.0,0.0,0.0,0.0,0.0,0.0
10.416667,21.0,0.0,0.0,0.0,0.0,0.0,0.0,0.0,0.0
10.416667,22.0,0.0,0.0,0.0,0.0,0.0,0.0,0.0,0.0
10.416667,23.0,0.0,0.0,0.0,0.0,0.0,0.0,0.0,0.0
10.416667,24.0,0.0,0.0,0.0,0.0,0.0,0.0,0.0,0.0
10.416667,25.0,0.0,0.0,0.0,0.0,0.0,0.0,0.0,0.0
10.5,0.0,0.020361122,0.0,12.807622,1.0924379E-6,0.0,0.0,8.528165E-7,0.0
10.5,1.0,0.0,0.0,0.0,0.0,0.0,0.0,0.0,0.0
10.5,2.0,0.0,0.0,0.0,0.0,0.0,0.0,0.0,0.0
10.5,3.0,0.19700046,0.0,1.0853112E-4,0.006309415,0.0,0.0,0.005302778,0.0
10.5,4.0,0.0,0.0,0.0,0.0,0.0,0.0,0.0,0.0
10.5,5.0,0.0,0.0,0.0,0.0,0.0,0.0,0.0,0.0
10.5,6.0,0.0,0.0,0.0,0.0,0.0,0.0,0.0,0.0
10.5,7.0,0.0,0.0,0.0,0.0,0.0,0.0,0.0,0.0
10.5,8.0,0.0,0.0,1.0829268E-4,0.0063005183,0.0,0.0,0.005294924,0.0
10.5,9.0,0.0,0.0,0.0,0.0,0.0,0.0,0.0,0.0
10.5,10.0,NaN,NaN,NaN,NaN,NaN,NaN,NaN,NaN
10.5,11.0,0.0,0.0,0.0,0.0,0.0,0.0,0.0,0.0
10.5,12.0,0.0,0.0,0.0,0.0,0.0,0.0,0.0,0.0
10.5,13.0,NaN,NaN,NaN,NaN,NaN,NaN,NaN,NaN
10.5,14.0,0.0,0.0,0.0,0.0,0.0,0.0,0.0,0.0
10.5,15.0,0.0,0.0,0.0,0.0,0.0,0.0,0.0,0.0
10.5,16.0,0.0,0.0,0.0,0.0,0.0,0.0,0.0,0.0
10.5,17.0,0.0,0.0,0.0,0.0,0.0,0.0,0.0,0.0
10.5,18.0,0.0,0.0,0.0,0.0,0.0,0.0,0.0,0.0
10.5,19.0,0.0,0.0,0.0,0.0,0.0,0.0,0.0,0.0
10.5,20.0,0.0,0.0,0.0,0.0,0.0,0.0,0.0,0.0
10.5,21.0,0.0,0.0,0.0,0.0,0.0,0.0,0.0,0.0
10.5,22.0,0.0,0.0,0.0,0.0,0.0,0.0,0.0,0.0
10.5,23.0,0.0,0.0,0.0,0.0,0.0,0.0,0.0,0.0
10.5,24.0,0.0,0.0,0.0,0.0,0.0,0.0,0.0,0.0
10.5,25.0,0.0,0.0,0.0,0.0,0.0,0.0,0.0,0.0
10.583333,0.0,0.009364671,0.0,13.532719,7.415993E-7,0.0,0.0,5.814555E-7,0.0
10.583333,1.0,0.0,0.0,0.0,0.0,0.0,0.0,0.0,0.0
10.583333,2.0,0.0,0.0,0.0,0.0,0.0,0.0,0.0,0.0
10.583333,3.0,0.6565424,0.0,1.11194466E-4,0.006435986,0.0,0.0,0.0054084067,0.0
10.583333,4.0,0.0,0.0,0.0,0.0,0.0,0.0,0.0,0.0
10.583333,5.0,0.0,0.0,0.0,0.0,0.0,0.0,0.0,0.0
10.583333,6.0,0.0,0.0,0.0,0.0,0.0,0.0,0.0,0.0
10.583333,7.0,0.0,0.0,0.0,0.0,0.0,0.0,0.0,0.0
10.583333,8.0,0.0,0.0,0.0,0.0,0.0875,0.0,0.0,0.0
10.583333,9.0,0.0,0.0,0.0,0.0,0.0,0.0,0.0,0.0
10.583333,10.0,0.0,0.0,0.0,0.0,0.0,0.0,0.0,0.0
10.583333,11.0,0.0,0.0,0.0,0.0,0.0875,0.0,0.0,0.0
10.583333,12.0,0.0,0.0,0.0,0.0,0.0,0.0,0.0,0.0
10.583333,13.0,0.0,0.0,0.0,0.0,0.0,0.0,0.0,0.0
10.583333,14.0,0.0,0.0,0.0,0.0,0.0875,0.0,0.0,0.0
10.583333,15.0,0.0,0.0,0.0,0.0,0.0,0.0,0.0,0.0
10.583333,16.0,0.0,0.0,0.0,0.0,0.0,0.0,0.0,0.0
10.583333,17.0,0.0,0.0,0.0,0.0,0.0,0.0,0.0,0.0
10.583333,18.0,0.0,0.0,0.0,0.0,0.0,0.0,0.0,0.0
10.583333,19.0,0.0,0.0,0.0,0.0,0.0,0.0,0.0,0.0
10.583333,20.0,0.0,0.0,0.0,0.0,0.0,0.0,0.0,0.0
10.583333,21.0,0.0,0.0,0.0,0.0,0.0,0.0,0.0,0.0
10.583333,22.0,0.0,0.0,0.0,0.0,0.0,0.0,0.0,0.0
10.583333,23.0,0.0,0.0,0.0,0.0,0.0,0.0,0.0,0.0
10.583333,24.0,0.0,0.0,0.0,0.0,0.0,0.0,0.0,0.0
10.583333,25.0,0.0,0.0,0.0,0.0,0.0,0.0,0.0,0.0
10.666667,0.0,0.013246681,0.0,13.445117,7.99454E-7,0.0,0.0,6.269142E-7,0.0
10.666667,1.0,0.0,0.0,0.0,0.0,0.0,0.0,0.0,0.0
10.666667,2.0,0.0,0.0,0.0,0.0,0.0,0.0,0.0,0.0
10.666667,3.0,3.7783892,0.0,9.207764E-5,0.005242473,0.0,0.0,0.0044028177,0.0
10.666667,4.0,0.0,0.0,0.0,0.0,0.0,0.0,0.0,0.0
10.666667,5.0,0.0,0.0,0.0,0.0,0.0,0.0,0.0,0.0
10.666667,6.0,0.0,0.0,0.0,0.0,0.0,0.0,0.0,0.0
10.666667,7.0,0.0,0.0,0.0,0.0,0.0,0.0,0.0,0.0
10.666667,8.0,0.0,0.0,0.0,0.0,0.0875,0.0,0.0,0.0
10.666667,9.0,0.0,0.0,0.0,0.0,0.0,0.0,0.0,0.0
10.666667,10.0,0.0,0.0,0.0,0.0,0.0,0.0,0.0,0.0
10.666667,11.0,0.0,0.0,0.0,0.0,0.0875,0.0,0.0,0.0
10.666667,12.0,0.0,0.0,0.0,0.0,0.0,0.0,0.0,0.0
10.666667,13.0,0.0,0.0,0.0,0.0,0.0,0.0,0.0,0.0
10.666667,14.0,0.0,0.0,0.0,0.0,0.0875,0.0,0.0,0.0
10.666667,15.0,0.0,0.0,0.0,0.0,0.0,0.0,0.0,0.0
10.666667,16.0,0.0,0.0,0.0,0.0,0.0,0.0,0.0,0.0
10.666667,17.0,0.0,0.0,0.0,0.0,0.0,0.0,0.0,0.0
10.666667,18.0,0.0,0.0,0.0,0.0,0.0,0.0,0.0,0.0
10.666667,19.0,0.0,0.0,0.0,0.0,0.0,0.0,0.0,0.0
10.666667,20.0,0.0,0.0,0.0,0.0,0.0,0.0,0.0,0.0
10.666667,21.0,0.0,0.0,0.0,0.0,0.0,0.0,0.0,0.0
10.666667,22.0,0.0,0.0,0.0,0.0,0.0,0.0,0.0,0.0
10.666667,23.0,0.0,0.0,0.0,0.0,0.0,0.0,0.0,0.0
10.666667,24.0,0.0,0.0,0.0,0.0,0.0,0.0,0.0,0.0
10.666667,25.0,0.0,0.0,0.0,0.0,0.0,0.0,0.0,0.0
10.75,0.0,0.5998029,0.0,6.8395796,4.4201217E-5,0.0,0.0,3.4820812E-5,0.0
10.75,1.0,0.0,0.0,0.0,0.0,0.0,0.0,0.0,0.0
10.75,2.0,0.0,0.0,0.0,0.0,0.0,0.0,0.0,0.0
10.75,3.0,0.0,0.0,0.0,0.0,0.0,0.0,0.0,0.0
10.75,4.0,0.0,0.0,0.0,0.0,0.0,0.0,0.0,0.0
10.75,5.0,0.0,0.0,0.0,0.0,0.0,0.0,0.0,0.0
10.75,6.0,0.0,0.0,0.0,0.0,0.0,0.0,0.0,0.0
10.75,7.0,0.0,0.0,0.0,0.0,0.0,0.0,0.0,0.0
10.75,8.0,0.0,0.0,0.0,0.0,0.0875,0.0,0.0,0.0
10.75,9.0,0.0,0.0,0.0,0.0,0.0,0.0,0.0,0.0
10.75,10.0,0.0,0.0,0.0,0.0,0.0,0.0,0.0,0.0
10.75,11.0,0.0,0.0,0.0,0.0,0.0875,0.0,0.0,0.0
10.75,12.0,0.0,0.0,0.0,0.0,0.0,0.0,0.0,0.0
10.75,13.0,0.0,0.0,0.0,0.0,0.0,0.0,0.0,0.0
10.75,14.0,0.0,0.0,0.0,0.0,0.0875,0.0,0.0,0.0
10.75,15.0,0.0,0.0,0.0,0.0,0.0,0.0,0.0,0.0
10.75,16.0,0.0,0.0,0.0,0.0,0.0,0.0,0.0,0.0
10.75,17.0,0.0,0.0,0.0,0.0,0.0,0.0,0.0,0.0
10.75,18.0,0.0,0.0,0.0,0.0,0.0,0.0,0.0,0.0
10.75,19.0,0.0,0.0,0.0,0.0,0.0,0.0,0.0,0.0
10.75,20.0,0.0,0.0,0.0,0.0,0.0,0.0,0.0,0.0
10.75,21.0,0.0,0.0,0.0,0.0,0.0,0.0,0.0,0.0
10.75,22.0,0.0,0.0,0.0,0.0,0.0,0.0,0.0,0.0
10.75,23.0,0.0,0.0,0.0,0.0,0.0,0.0,0.0,0.0
10.75,24.0,0.0,0.0,0.0,0.0,0.0,0.0,0.0,0.0
10.75,25.0,0.0,0.0,0.0,0.0,0.0,0.0,0.0,0.0
10.833333,0.0,2.6759913,0.0,8.5366766E-5,2.2333617E-4,0.0,0.0,1.8108267E-4,0.0
10.833333,1.0,0.0,0.0,0.0,0.0,0.0,0.0,0.0,0.0
10.833333,2.0,0.0,0.0,0.0,0.0,0.0,0.0,0.0,0.0
10.833333,3.0,0.0,0.0,0.0,0.0,0.0,0.0,0.0,0.0
10.833333,4.0,0.0,0.0,0.0,0.0,0.0,0.0,0.0,0.0
10.833333,5.0,0.0,0.0,0.0,0.0,0.0,0.0,0.0,0.0
10.833333,6.0,0.0,0.0,0.0,0.0,0.0,0.0,0.0,0.0
10.833333,7.0,0.0,0.0,0.0,0.0,0.0,0.0,0.0,0.0
10.833333,8.0,0.53771937,0.124903046,1.0940444E-4,0.0063708927,0.0,0.0,0.0053539723,0.0
10.833333,9.0,0.0,0.0,0.0,0.0,0.0,0.0,0.0,0.0
10.833333,10.0,0.0,0.0,0.0,0.0,0.0,0.0,0.0,0.0
10.833333,11.0,0.021578712,0.12500769,1.08192464E-4,0.006296758,0.0,0.0,0.0052918107,0.0
10.833333,12.0,0.0,0.0,0.0,0.0,0.0,0.0,0.0,0.0
10.833333,13.0,0.0,0.0,0.0,0.0,0.0,0.0,0.0,0.0
10.833333,14.0,0.71035624,0.13262197,1.1236435E-4,0.006467903,0.0,0.0,0.0054358747,0.0
10.833333,15.0,0.0,0.0,0.0,0.0,0.0,0.0,0.0,0.0
10.833333,16.0,0.0,0.0,0.0,0.0,0.0,0.0,0.0,0.0
10.833333,17.0,0.0,0.0,0.0,0.0,0.0,0.0,0.0,0.0
10.833333,18.0,0.0,0.0,0.0,0.0,0.0,0.0,0.0,0.0
10.833333,19.0,0.0,0.0,0.0,0.0,0.0,0.0,0.0,0.0
10.833333,20.0,0.0,0.0,0.0,0.0,0.0,0.0,0.0,0.0
10.833333,21.0,0.0,0.0,0.0,0.0,0.0,0.0,0.0,0.0
10.833333,22.0,0.0,0.0,0.0,0.0,0.0,0.0,0.0,0.0
10.833333,23.0,0.0,0.0,0.0,0.0,0.0,0.0,0.0,0.0
10.833333,24.0,0.0,0.0,0.0,0.0,0.0,0.0,0.0,0.0
10.833333,25.0,0.0,0.0,0.0,0.0,0.0,0.0,0.0,0.0
10.916667,0.0,0.7438317,0.0,9.964922E-5,0.0013137863,0.0,0.0,0.0010912304,0.0
10.916667,1.0,0.0,0.0,0.0,0.0,0.0,0.0,0.0,0.0
10.916667,2.0,0.0,0.0,0.0,0.0,0.0,0.0,0.0,0.0
10.916667,3.0,0.0,0.0,0.0,0.0,0.0,0.0,0.0,0.0
10.916667,4.0,0.0,0.0,0.0,0.0,0.0,0.0,0.0,0.0
10.916667,5.0,0.0,0.0,0.0,0.0,0.0,0.0,0.0,0.0
10.916667,6.0,0.0,0.0,0.0,0.0,0.0,0.0,0.0,0.0
10.916667,7.0,0.0,0.0,0.0,0.0,0.0,0.0,0.0,0.0
10.916667,8.0,0.0024744072,0.0,1.0829394E-4,0.006300502,0.0,0.0,0.005294972,0.0
10.916667,9.0,0.0,0.0,0.0,0.0,0.0,0.0,0.0,0.0
10.916667,10.0,0.0,0.0,0.0,0.0,0.0,0.0,0.0,0.0
10.916667,11.0,0.013103009,0.0,1.08294815E-4,0.0063020545,0.0,0.0,0.0052961656,0.0
10.916667,12.0,0.0,0.0,0.0,0.0,0.0,0.0,0.0,0.0
10.916667,13.0,0.0,0.0,0.0,0.0,0.0,0.0,0.0,0.0
10.916667,14.0,0.011432637,0.0,1.0828991E-4,0.0062978123,0.0,0.0,0.0052929823,0.0
10.916667,15.0,0.0,0.0,0.0,0.0,0.0,0.0,0.0,0.0
10.916667,16.0,0.0,0.0,0.0,0.0,0.0,0.0,0.0,0.0
10.916667,17.0,0.0,0.0,0.0,0.0,0.0,0.0,0.0,0.0
10.916667,18.0,0.0,0.0,0.0,0.0,0.0,0.0,0.0,0.0
10.916667,19.0,0.0,0.0,0.0,0.0,0.0,0.0,0.0,0.0
10.916667,20.0,0.0,0.0,0.0,0.0,0.0,0.0,0.0,0.0
10.916667,21.0,0.0,0.0,0.0,0.0,0.0,0.0,0.0,0.0
10.916667,22.0,0.0,0.0,0.0,0.0,0.0,0.0,0.0,0.0
10.916667,23.0,0.0,0.0,0.0,0.0,0.0,0.0,0.0,0.0
10.916667,24.0,0.0,0.0,0.0,0.0,0.0,0.0,0.0,0.0
10.916667,25.0,0.0,0.0,0.0,0.0,0.0,0.0,0.0,0.0
11.0,0.0,0.23589979,0.0,1.0588233E-4,0.0026709938,0.0,0.0,0.002242049,0.0
11.0,1.0,0.0,0.0,0.0,0.0,0.0,0.0,0.0,0.0
11.0,2.0,0.0,0.0,0.0,0.0,0.0,0.0,0.0,0.0
11.0,3.0,0.0,0.0,0.0,0.0,0.0,0.0,0.0,0.0
11.0,4.0,0.0,0.0,0.0,0.0,0.0,0.0,0.0,0.0
11.0,5.0,0.0,0.0,0.0,0.0,0.0,0.0,0.0,0.0
11.0,6.0,0.0,0.0,0.0,0.0,0.0,0.0,0.0,0.0
11.0,7.0,0.0,0.0,0.0,0.0,0.0,0.0,0.0,0.0
11.0,8.0,2.1493006E-5,0.0,1.0828277E-4,0.0063005546,0.0,0.0,0.0052949297,0.0
11.0,9.0,0.0,0.0,0.0,0.0,0.0,0.0,0.0,0.0
11.0,10.0,0.0,0.0,0.0,0.0,0.0,0.0,0.0,0.0
11.0,11.0,0.0072794133,0.0,1.08282555E-4,0.006300757,0.0,0.0,0.005295099,0.0
11.0,12.0,0.0,0.0,0.0,0.0,0.0,0.0,0.0,0.0
11.0,13.0,0.0,0.0,0.0,0.0,0.0,0.0,0.0,0.0
11.0,14.0,0.06611575,0.0,1.0840651E-4,0.0062986026,0.0,0.0,0.005293878,0.0
11.0,15.0,0.0,0.0,0.0,0.0,0.0,0.0,0.0,0.0
11.0,16.0,0.0,0.0,0.0,0.0,0.0,0.0,0.0,0.0
11.0,17.0,0.0,0.0,0.0,0.0,0.0,0.0,0.0,0.0
11.0,18.0,0.0,0.0,0.0,0.0,0.0,0.0,0.0,0.0
11.0,19.0,0.0,0.0,0.0,0.0,0.0,0.0,0.0,0.0
11.0,20.0,0.0,0.0,0.0,0.0,0.0,0.0,0.0,0.0
11.0,21.0,0.0,0.0,0.0,0.0,0.0,0.0,0.0,0.0
11.0,22.0,0.0,0.0,0.0,0.0,0.0,0.0,0.0,0.0
11.0,23.0,0.0,0.0,0.0,0.0,0.0,0.0,0.0,0.0
11.0,24.0,0.0,0.0,0.0,0.0,0.0,0.0,0.0,0.0
11.0,25.0,0.0,0.0,0.0,0.0,0.0,0.0,0.0,0.0
11.083333,0.0,1.4283149,0.0,1.0168854E-4,0.0051439516,0.0,0.0,0.0034437072,0.0
11.083333,1.0,0.0,0.0,0.0,0.0,0.0,0.0,0.0,0.0
11.083333,2.0,0.0,0.0,0.0,0.0,0.0,0.0,0.0,0.0
11.083333,3.0,0.0,0.0,0.0,0.0,0.0,0.0,0.0,0.0
11.083333,4.0,0.0,0.0,0.0,0.0,0.0,0.0,0.0,0.0
11.083333,5.0,0.0,0.0,0.0,0.0,0.0,0.0,0.0,0.0
11.083333,6.0,0.0,0.0,0.0,0.0,0.0,0.0,0.0,0.0
11.083333,7.0,0.0,0.0,0.0,0.0,0.0,0.0,0.0,0.0
11.083333,8.0,0.04840103,0.0,1.0843083E-4,0.010282271,0.0,0.0,0.006829704,0.0
11.083333,9.0,0.0,0.0,0.0,0.0,0.0,0.0,0.0,0.0
11.083333,10.0,0.0,0.0,0.0,0.0,0.0,0.0,0.0,0.0
11.083333,11.0,0.016182577,0.0,1.08277316E-4,0.010278906,0.0,0.0,0.0068273363,0.0
11.083333,12.0,0.0,0.0,0.0,0.0,0.0,0.0,0.0,0.0
11.083333,13.0,0.0,0.0,0.0,0.0,0.0,0.0,0.0,0.0
11.083333,14.0,0.053136546,0.0,1.08278764E-4,0.010281548,0.0,0.0,0.0068291705,0.0
11.083333,15.0,0.0,0.0,0.0,0.0,0.0,0.0,0.0,0.0
11.083333,16.0,0.0,0.0,0.0,0.0,0.0,0.0,0.0,0.0
11.083333,17.0,0.0,0.0,0.0,0.0,0.0,0.0,0.0,0.0
11.083333,18.0,0.0,0.0,0.0,0.0,0.0,0.0,0.0,0.0
11.083333,19.0,0.0,0.0,0.0,0.0,0.0,0.0,0.0,0.0
11.083333,20.0,0.0,0.0,0.0,0.0,0.0,0.0,0.0,0.0
11.083333,21.0,0.0,0.0,0.0,0.0,0.0,0.0,0.0,0.0
11.083333,22.0,0.0,0.0,0.0,0.0,0.0,0.0,0.0,0.0
11.083333,23.0,0.0,0.0,0.0,0.0,0.0,0.0,0.0,0.0
11.083333,24.0,0.0,0.0,0.0,0.0,0.0,0.0,0.0,0.0
11.083333,25.0,0.0,0.0,0.0,0.0,0.0,0.0,0.0,0.0
11.166667,0.0,0.12671481,0.0,1.03896986E-4,0.005572269,0.0,0.0,0.003726771,0.0
11.166667,1.0,0.0,0.0,0.0,0.0,0.0,0.0,0.0,0.0
11.166667,2.0,0.0,0.0,0.0,0.0,0.0,0.0,0.0,0.0
11.166667,3.0,0.0,0.0,0.0,0.0,0.0,0.0,0.0,0.0
11.166667,4.0,0.0,0.0,0.0,0.0,0.0,0.0,0.0,0.0
11.166667,5.0,0.0,0.0,0.0,0.0,0.0,0.0,0.0,0.0
11.166667,6.0,0.0,0.0,0.0,0.0,0.0,0.0,0.0,0.0
11.166667,7.0,0.0,0.0,0.0,0.0,0.0,0.0,0.0,0.0
11.166667,8.0,0.10008393,0.0,1.0863027E-4,0.0103127295,0.0,0.0,0.006850274,0.0
11.166667,9.0,0.0,0.0,0.0,0.0,0.0,0.0,0.0,0.0
11.166667,10.0,0.0,0.0,0.0,0.0,0.0,0.0,0.0,0.0
11.166667,11.0,0.087738335,0.0,1.0838158E-4,0.010285861,0.0,0.0,0.006832233,0.0
11.166667,12.0,0.0,0.0,0.0,0.0,0.0,0.0,0.0,0.0
11.166667,13.0,0.0,0.0,0.0,0.0,0.0,0.0,0.0,0.0
11.166667,14.0,0.49382702,0.0,3.4664663E-5,0.003223695,0.0,0.0,0.0021412517,0.0
11.166667,15.0,0.0,0.0,0.0,0.0,0.0,0.0,0.0,0.0
11.166667,16.0,0.0,0.0,0.0,0.0,0.0,0.0,0.0,0.0
11.166667,17.0,0.0,0.0,0.0,0.0,0.0,0.0,0.0,0.0
11.166667,18.0,0.0,0.0,0.0,0.0,0.0,0.0,0.0,0.0
11.166667,19.0,0.0,0.0,0.0,0.0,0.0,0.0,0.0,0.0
11.166667,20.0,0.0,0.0,0.0,0.0,0.0,0.0,0.0,0.0
11.166667,21.0,0.0,0.0,0.0,0.0,0.0,0.0,0.0,0.0
11.166667,22.0,0.0,0.0,0.0,0.0,0.0,0.0,0.0,0.0
11.166667,23.0,0.0,0.0,0.0,0.0,0.0,0.0,0.0,0.0
11.166667,24.0,0.0,0.0,0.0,0.0,0.0,0.0,0.0,0.0
11.166667,25.0,0.0,0.0,0.0,0.0,0.0,0.0,0.0,0.0
11.25,0.0,0.004337521,0.0,7.6835647,0.0022486025,0.0,0.0,0.0015147224,0.0
11.25,1.0,0.0,0.0,0.0,0.0,0.0,0.0,0.0,0.0
11.25,2.0,0.0,0.0,0.0,0.0,0.0,0.0,0.0,0.0
11.25,3.0,0.0,0.0,0.0,0.0,0.0,0.0,0.0,0.0
11.25,4.0,0.0,0.0,0.0,0.0,0.0,0.0,0.0,0.0
11.25,5.0,0.0,0.0,0.0,0.0,0.0,0.0,0.0,0.0
11.25,6.0,0.0,0.0,0.0,0.0,0.0,0.0,0.0,0.0
11.25,7.0,0.0,0.0,0.0,0.0,0.0,0.0,0.0,0.0
11.25,8.0,0.06343299,0.0,4.8799746E-5,0.004636362,0.0,0.0,0.0030795208,0.0
11.25,9.0,0.0,0.0,0.0,0.0,0.0,0.0,0.0,0.0
11.25,10.0,0.0,0.0,0.0,0.0,0.0,0.0,0.0,0.0
11.25,11.0,0.35657686,0.0,1.1072586E-4,0.010533756,0.0,0.0,0.00699714,0.0
11.25,12.0,0.0,0.0,0.0,0.0,0.0,0.0,0.0,0.0
11.25,13.0,0.0,0.0,0.0,0.0,0.0,0.0,0.0,0.0
11.25,14.0,0.0,0.0,0.0,0.0,0.0,0.0,0.0,0.0
11.25,15.0,0.0,0.0,0.0,0.0,0.0,0.0,0.0,0.0
11.25,16.0,0.0,0.0,0.0,0.0,0.0,0.0,0.0,0.0
11.25,17.0,0.0,0.0,0.0,0.0,0.0,0.0,0.0,0.0
11.25,18.0,0.0,0.0,0.0,0.0,0.0,0.0,0.0,0.0
11.25,19.0,0.0,0.0,0.0,0.0,0.0,0.0,0.0,0.0
11.25,20.0,0.0,0.0,0.0,0.0,0.0,0.0,0.0,0.0
11.25,21.0,0.0,0.0,0.0,0.0,0.0,0.0,0.0,0.0
11.25,22.0,0.0,0.0,0.0,0.0,0.0,0.0,0.0,0.0
11.25,23.0,0.0,0.0,0.0,0.0,0.0,0.0,0.0,0.0
11.25,24.0,0.0,0.0,0.0,0.0,0.0,0.0,0.0,0.0
11.25,25.0,0.0,0.0,0.0,0.0,0.0,0.0,0.0,0.0
11.333333,0.0,0.004618226,0.0,14.101824,4.0318838E-7,0.0,0.0,2.7663486E-7,0.0
11.333333,1.0,0.0,0.0,0.0,0.0,0.0,0.0,0.0,0.0
11.333333,2.0,0.0,0.0,0.0,0.0,0.0,0.0,0.0,0.0
11.333333,3.0,0.0,0.0,0.0,0.0,0.0,0.0,0.0,0.0
11.333333,4.0,0.0,0.0,0.0,0.0,0.0,0.0,0.0,0.0
11.333333,5.0,0.0,0.0,0.0,0.0,0.0,0.0,0.0,0.0
11.333333,6.0,0.0,0.0,0.0,0.0,0.0,0.0,0.0,0.0
11.333333,7.0,0.0,0.0,0.0,0.0,0.0,0.0,0.0,0.0
11.333333,8.0,0.0,0.0,0.0,0.0,0.0,0.0,0.0,0.0
11.333333,9.0,0.0,0.0,0.0,0.0,0.0,0.0,0.0,0.0
11.333333,10.0,0.0,0.0,0.0,0.0,0.0,0.0,0.0,0.0
11.333333,11.0,0.058334272,0.0,1.08317945E-4,0.01028845,0.0,0.0,0.006833863,0.0
11.333333,12.0,0.0,0.0,0.0,0.0,0.0,0.0,0.0,0.0
11.333333,13.0,0.0,0.0,0.0,0.0,0.0,0.0,0.0,0.0
11.333333,14.0,0.0,0.0,0.0,0.0,0.0,0.0,0.0,0.0
11.333333,15.0,0.0,0.0,0.0,0.0,0.0,0.0,0.0,0.0
11.333333,16.0,0.0,0.0,0.0,0.0,0.0,0.0,0.0,0.0
11.333333,17.0,0.0,0.0,0.0,0.0,0.0,0.0,0.0,0.0
11.333333,18.0,0.0,0.0,0.0,0.0,0.0,0.0,0.0,0.0
11.333333,19.0,0.0,0.0,0.0,0.0,0.0,0.0,0.0,0.0
11.333333,20.0,0.0,0.0,0.0,0.0,0.0,0.0,0.0,0.0
11.333333,21.0,0.0,0.0,0.0,0.0,0.0,0.0,0.0,0.0
11.333333,22.0,0.0,0.0,0.0,0.0,0.0,0.0,0.0,0.0
11.333333,23.0,0.0,0.0,0.0,0.0,0.0,0.0,0.0,0.0
11.333333,24.0,0.0,0.0,0.0,0.0,0.0,0.0,0.0,0.0
11.333333,25.0,0.0,0.0,0.0,0.0,0.0,0.0,0.0,0.0
11.416667,0.0,0.0075522596,0.0,13.888793,5.8129734E-7,0.0,0.0,3.9865347E-7,0.0
11.416667,1.0,0.0,0.0,0.0,0.0,0.0,0.0,0.0,0.0
11.416667,2.0,0.0,0.0,0.0,0.0,0.0,0.0,0.0,0.0
11.416667,3.0,0.0,0.0,0.0,0.0,0.0,0.0,0.0,0.0
11.416667,4.0,0.0,0.0,0.0,0.0,0.0,0.0,0.0,0.0
11.416667,5.0,0.0,0.0,0.0,0.0,0.0,0.0,0.0,0.0
11.416667,6.0,0.0,0.0,0.0,0.0,0.0,0.0,0.0,0.0
11.416667,7.0,0.0,0.0,0.0,0.0,0.0,0.0,0.0,0.0
11.416667,8.0,0.0,0.0,0.0,0.0,0.0,0.0,0.0,0.0
11.416667,9.0,0.0,0.0,0.0,0.0,0.0,0.0,0.0,0.0
11.416667,10.0,0.0,0.0,0.0,0.0,0.0,0.0,0.0,0.0
11.416667,11.0,0.026864147,0.0,1.0834929E-4,0.010282826,0.0,0.0,0.0068298522,0.0
11.416667,12.0,0.0,0.0,0.0,0.0,0.0,0.0,0.0,0.0
11.416667,13.0,0.0,0.0,0.0,0.0,0.0,0.0,0.0,0.0
11.416667,14.0,0.0,0.0,0.0,0.0,0.0,0.0,0.0,0.0
11.416667,15.0,0.0,0.0,0.0,0.0,0.0,0.0,0.0,0.0
11.416667,16.0,0.0,0.0,0.0,0.0,0.0,0.0,0.0,0.0
11.416667,17.0,0.0,0.0,0.0,0.0,0.0,0.0,0.0,0.0
11.416667,18.0,0.0,0.0,0.0,0.0,0.0,0.0,0.0,0.0
11.416667,19.0,0.0,0.0,0.0,0.0,0.0,0.0,0.0,0.0
11.416667,20.0,0.0,0.0,0.0,0.0,0.0,0.0,0.0,0.0
11.416667,21.0,0.0,0.0,0.0,0.0,0.0,0.0,0.0,0.0
11.416667,22.0,0.0,0.0,0.0,0.0,0.0,0.0,0.0,0.0
11.416667,23.0,0.0,0.0,0.0,0.0,0.0,0.0,0.0,0.0
11.416667,24.0,0.0,0.0,0.0,0.0,0.0,0.0,0.0,0.0
11.416667,25.0,0.0,0.0,0.0,0.0,0.0,0.0,0.0,0.0
11.5,0.0,0.0066332547,0.0,13.885398,6.404424E-7,0.0,0.0,4.39052E-7,0.0
11.5,1.0,0.0,0.0,0.0,0.0,0.0,0.0,0.0,0.0
11.5,2.0,0.0,0.0,0.0,0.0,0.0,0.0,0.0,0.0
11.5,3.0,0.0,0.0,0.0,0.0,0.0,0.0,0.0,0.0
11.5,4.0,0.0,0.0,0.0,0.0,0.0,0.0,0.0,0.0
11.5,5.0,0.0,0.0,0.0,0.0,0.0,0.0,0.0,0.0
11.5,6.0,0.0,0.0,0.0,0.0,0.0,0.0,0.0,0.0
11.5,7.0,0.0,0.0,0.0,0.0,0.0,0.0,0.0,0.0
11.5,8.0,0.0,0.0,0.0,0.0,0.0,0.0,0.0,0.0
11.5,9.0,0.0,0.0,0.0,0.0,0.0,0.0,0.0,0.0
11.5,10.0,0.0,0.0,0.0,0.0,0.0,0.0,0.0,0.0
11.5,11.0,NaN,NaN,NaN,NaN,NaN,NaN,NaN,NaN
11.5,12.0,0.0,0.0,0.0,0.0,0.0,0.0,0.0,0.0
11.5,13.0,0.0,0.0,0.0,0.0,0.0,0.0,0.0,0.0
11.5,14.0,0.0,0.0,0.0,0.0,0.0,0.0,0.0,0.0
11.5,15.0,0.0,0.0,0.0,0.0,0.0,0.0,0.0,0.0
11.5,16.0,0.0,0.0,0.0,0.0,0.0,0.0,0.0,0.0
11.5,17.0,0.0,0.0,0.0,0.0,0.0,0.0,0.0,0.0
11.5,18.0,0.0,0.0,0.0,0.0,0.0,0.0,0.0,0.0
11.5,19.0,0.0,0.0,0.0,0.0,0.0,0.0,0.0,0.0
11.5,20.0,0.0,0.0,0.0,0.0,0.0,0.0,0.0,0.0
11.5,21.0,0.0,0.0,0.0,0.0,0.0,0.0,0.0,0.0
11.5,22.0,0.0,0.0,0.0,0.0,0.0,0.0,0.0,0.0
11.5,23.0,0.0,0.0,0.0,0.0,0.0,0.0,0.0,0.0
11.5,24.0,0.0,0.0,0.0,0.0,0.0,0.0,0.0,0.0
11.5,25.0,0.0,0.0,0.0,0.0,0.0,0.0,0.0,0.0
11.583333,0.0,0.007209407,0.0,13.910835,6.984988E-7,0.0,0.0,4.7859083E-7,0.0
11.583333,1.0,0.0,0.0,0.0,0.0,0.0,0.0,0.0,0.0
11.583333,2.0,0.0,0.0,0.0,0.0,0.0,0.0,0.0,0.0
11.583333,3.0,0.0,0.0,0.0,0.0,0.0,0.0,0.0,0.0
11.583333,4.0,0.0,0.0,0.0,0.0,0.0,0.0,0.0,0.0
11.583333,5.0,0.0,0.0,0.0,0.0,0.0,0.0,0.0,0.0
11.583333,6.0,0.0,0.0,0.0,0.0,0.0,0.0,0.0,0.0
11.583333,7.0,0.0,0.0,0.0,0.0,0.0,0.0,0.0,0.0
11.583333,8.0,0.0,0.0,0.0,0.0,0.0,0.0,0.0,0.0
11.583333,9.0,0.0,0.0,0.0,0.0,0.0,0.0,0.0,0.0
11.583333,10.0,0.0,0.0,0.0,0.0,0.0,0.0,0.0,0.0
11.583333,11.0,0.0,0.0,0.0,0.0,0.0,0.0,0.0,0.0
11.583333,12.0,0.0,0.0,0.0,0.0,0.0875,0.0,0.0,0.0
11.583333,13.0,0.0,0.0,0.0,0.0,0.0,0.0,0.0,0.0
11.583333,14.0,0.0,0.0,0.0,0.0,0.0,0.0,0.0,0.0
11.583333,15.0,0.0,0.0,0.0,0.0,0.0,0.0,0.0,0.0
11.583333,16.0,0.0,0.0,0.0,0.0,0.0,0.0,0.0,0.0
11.583333,17.0,0.0,0.0,0.0,0.0,0.0,0.0,0.0,0.0
11.583333,18.0,0.0,0.0,0.0,0.0,0.0,0.0,0.0,0.0
11.583333,19.0,0.0,0.0,0.0,0.0,0.0,0.0,0.0,0.0
11.583333,20.0,0.0,0.0,0.0,0.0,0.0,0.0,0.0,0.0
11.583333,21.0,0.0,0.0,0.0,0.0,0.0,0.0,0.0,0.0
11.583333,22.0,0.0,0.0,0.0,0.0,0.0,0.0,0.0,0.0
11.583333,23.0,0.0,0.0,0.0,0.0,0.0,0.0,0.0,0.0
11.583333,24.0,0.0,0.0,0.0,0.0,0.0,0.0,0.0,0.0
11.583333,25.0,0.0,0.0,0.0,0.0,0.0,0.0,0.0,0.0
11.666667,0.0,0.0064708493,0.0,13.782817,6.980148E-7,0.0,0.0,4.781906E-7,0.0
11.666667,1.0,0.0,0.0,0.0,0.0,0.0,0.0,0.0,0.0
11.666667,2.0,0.0,0.0,0.0,0.0,0.0,0.0,0.0,0.0
11.666667,3.0,0.0,0.0,0.0,0.0,0.0,0.0,0.0,0.0
11.666667,4.0,0.0,0.0,0.0,0.0,0.0,0.0,0.0,0.0
11.666667,5.0,0.0,0.0,0.0,0.0,0.0,0.0,0.0,0.0
11.666667,6.0,0.0,0.0,0.0,0.0,0.0,0.0,0.0,0.0
11.666667,7.0,0.0,0.0,0.0,0.0,0.0,0.0,0.0,0.0
11.666667,8.0,0.0,0.0,0.0,0.0,0.0,0.0,0.0,0.0
11.666667,9.0,0.0,0.0,0.0,0.0,0.0,0.0,0.0,0.0
11.666667,10.0,0.0,0.0,0.0,0.0,0.0,0.0,0.0,0.0
11.666667,11.0,0.0,0.0,0.0,0.0,0.0,0.0,0.0,0.0
11.666667,12.0,0.0,0.0,0.0,0.0,0.0875,0.0,0.0,0.0
11.666667,13.0,0.0,0.0,0.0,0.0,0.0,0.0,0.0,0.0
11.666667,14.0,0.0,0.0,0.0,0.0,0.0,0.0,0.0,0.0
11.666667,15.0,0.0,0.0,0.0,0.0,0.0,0.0,0.0,0.0
11.666667,16.0,0.0,0.0,0.0,0.0,0.0,0.0,0.0,0.0
11.666667,17.0,0.0,0.0,0.0,0.0,0.0,0.0,0.0,0.0
11.666667,18.0,0.0,0.0,0.0,0.0,0.0,0.0,0.0,0.0
11.666667,19.0,0.0,0.0,0.0,0.0,0.0,0.0,0.0,0.0
11.666667,20.0,0.0,0.0,0.0,0.0,0.0,0.0,0.0,0.0
11.666667,21.0,0.0,0.0,0.0,0.0,0.0,0.0,0.0,0.0
11.666667,22.0,0.0,0.0,0.0,0.0,0.0,0.0,0.0,0.0
11.666667,23.0,0.0,0.0,0.0,0.0,0.0,0.0,0.0,0.0
11.666667,24.0,0.0,0.0,0.0,0.0,0.0,0.0,0.0,0.0
11.666667,25.0,0.0,0.0,0.0,0.0,0.0,0.0,0.0,0.0
11.75,0.0,0.5966067,0.0,6.846205,6.332331E-5,0.0,0.0,4.330357E-5,0.0
11.75,1.0,0.0,0.0,0.0,0.0,0.0,0.0,0.0,0.0
11.75,2.0,0.0,0.0,0.0,0.0,0.0,0.0,0.0,0.0
11.75,3.0,0.0,0.0,0.0,0.0,0.0,0.0,0.0,0.0
11.75,4.0,0.0,0.0,0.0,0.0,0.0,0.0,0.0,0.0
11.75,5.0,0.0,0.0,0.0,0.0,0.0,0.0,0.0,0.0
11.75,6.0,0.0,0.0,0.0,0.0,0.0,0.0,0.0,0.0
11.75,7.0,0.0,0.0,0.0,0.0,0.0,0.0,0.0,0.0
11.75,8.0,0.0,0.0,0.0,0.0,0.0,0.0,0.0,0.0
11.75,9.0,0.0,0.0,0.0,0.0,0.0,0.0,0.0,0.0
11.75,10.0,0.0,0.0,0.0,0.0,0.0,0.0,0.0,0.0
11.75,11.0,0.0,0.0,0.0,0.0,0.0,0.0,0.0,0.0
11.75,12.0,0.0,0.0,0.0,0.0,0.0875,0.0,0.0,0.0
11.75,13.0,0.0,0.0,0.0,0.0,0.0,0.0,0.0,0.0
11.75,14.0,0.0,0.0,0.0,0.0,0.0,0.0,0.0,0.0
11.75,15.0,0.0,0.0,0.0,0.0,0.0,0.0,0.0,0.0
11.75,16.0,0.0,0.0,0.0,0.0,0.0,0.0,0.0,0.0
11.75,17.0,0.0,0.0,0.0,0.0,0.0,0.0,0.0,0.0
11.75,18.0,0.0,0.0,0.0,0.0,0.0,0.0,0.0,0.0
11.75,19.0,0.0,0.0,0.0,0.0,0.0,0.0,0.0,0.0
11.75,20.0,0.0,0.0,0.0,0.0,0.0,0.0,0.0,0.0
11.75,21.0,0.0,0.0,0.0,0.0,0.0,0.0,0.0,0.0
11.75,22.0,0.0,0.0,0.0,0.0,0.0,0.0,0.0,0.0
11.75,23.0,0.0,0.0,0.0,0.0,0.0,0.0,0.0,0.0
11.75,24.0,0.0,0.0,0.0,0.0,0.0,0.0,0.0,0.0
11.75,25.0,0.0,0.0,0.0,0.0,0.0,0.0,0.0,0.0
11.833333,0.0,1.5228267,0.0,8.674073E-5,2.1387915E-4,0.0,0.0,1.4588542E-4,0.0
11.833333,1.0,0.0,0.0,0.0,0.0,0.0,0.0,0.0,0.0
11.833333,2.0,0.0,0.0,0.0,0.0,0.0,0.0,0.0,0.0
11.833333,3.0,0.0,0.0,0.0,0.0,0.0,0.0,0.0,0.0
11.833333,4.0,0.0,0.0,0.0,0.0,0.0,0.0,0.0,0.0
11.833333,5.0,0.0,0.0,0.0,0.0,0.0,0.0,0.0,0.0
11.833333,6.0,0.0,0.0,0.0,0.0,0.0,0.0,0.0,0.0
11.833333,7.0,0.0,0.0,0.0,0.0,0.0,0.0,0.0,0.0
11.833333,8.0,0.0,0.0,0.0,0.0,0.0,0.0,0.0,0.0
11.833333,9.0,0.0,0.0,0.0,0.0,0.0,0.0,0.0,0.0
11.833333,10.0,0.0,0.0,0.0,0.0,0.0,0.0,0.0,0.0
11.833333,11.0,0.0,0.0,0.0,0.0,0.0,0.0,0.0,0.0
11.833333,12.0,0.0,0.12496936,1.08279324E-4,0.010297928,0.0,0.0,0.0068395836,0.0
11.833333,13.0,0.0,0.0,0.0,0.0,0.0,0.0,0.0,0.0
11.833333,14.0,0.0,0.0,0.0,0.0,0.0,0.0,0.0,0.0
11.833333,15.0,0.0,0.0,0.0,0.0,0.0,0.0,0.0,0.0
11.833333,16.0,0.0,0.0,0.0,0.0,0.0,0.0,0.0,0.0
11.833333,17.0,0.0,0.0,0.0,0.0,0.0,0.0,0.0,0.0
11.833333,18.0,0.0,0.0,0.0,0.0,0.0,0.0,0.0,0.0
11.833333,19.0,0.0,0.0,0.0,0.0,0.0,0.0,0.0,0.0
11.833333,20.0,0.0,0.0,0.0,0.0,0.0,0.0,0.0,0.0
11.833333,21.0,0.0,0.0,0.0,0.0,0.0,0.0,0.0,0.0
11.833333,22.0,0.0,0.0,0.0,0.0,0.0,0.0,0.0,0.0
11.833333,23.0,0.0,0.0,0.0,0.0,0.0,0.0,0.0,0.0
11.833333,24.0,0.0,0.0,0.0,0.0,0.0,0.0,0.0,0.0
11.833333,25.0,0.0,0.0,0.0,0.0,0.0,0.0,0.0,0.0
11.916667,0.0,0.6667556,0.0,7.832002E-5,7.525794E-4,0.0,0.0,5.087588E-4,0.0
11.916667,1.0,0.0,0.0,0.0,0.0,0.0,0.0,0.0,0.0
11.916667,2.0,0.0,0.0,0.0,0.0,0.0,0.0,0.0,0.0
11.916667,3.0,0.0,0.0,0.0,0.0,0.0,0.0,0.0,0.0
11.916667,4.0,0.0,0.0,0.0,0.0,0.0,0.0,0.0,0.0
11.916667,5.0,0.0,0.0,0.0,0.0,0.0,0.0,0.0,0.0
11.916667,6.0,0.0,0.0,0.0,0.0,0.0,0.0,0.0,0.0
11.916667,7.0,0.0,0.0,0.0,0.0,0.0,0.0,0.0,0.0
11.916667,8.0,0.0,0.0,0.0,0.0,0.0,0.0,0.0,0.0
11.916667,9.0,0.0,0.0,0.0,0.0,0.0,0.0,0.0,0.0
11.916667,10.0,0.0,0.0,0.0,0.0,0.0,0.0,0.0,0.0
11.916667,11.0,0.0,0.0,0.0,0.0,0.0,0.0,0.0,0.0
11.916667,12.0,0.07588121,0.0,1.0840858E-4,0.0102834245,0.0,0.0,0.0068305857,0.0
11.916667,13.0,0.0,0.0,0.0,0.0,0.0,0.0,0.0,0.0
11.916667,14.0,0.0,0.0,0.0,0.0,0.0,0.0,0.0,0.0
11.916667,15.0,0.0,0.0,0.0,0.0,0.0,0.0,0.0,0.0
11.916667,16.0,0.0,0.0,0.0,0.0,0.0,0.0,0.0,0.0
11.916667,17.0,0.0,0.0,0.0,0.0,0.0,0.0,0.0,0.0
11.916667,18.0,0.0,0.0,0.0,0.0,0.0,0.0,0.0,0.0
11.916667,19.0,0.0,0.0,0.0,0.0,0.0,0.0,0.0,0.0
11.916667,20.0,0.0,0.0,0.0,0.0,0.0,0.0,0.0,0.0
11.916667,21.0,0.0,0.0,0.0,0.0,0.0,0.0,0.0,0.0
11.916667,22.0,0.0,0.0,0.0,0.0,0.0,0.0,0.0,0.0
11.916667,23.0,0.0,0.0,0.0,0.0,0.0,0.0,0.0,0.0
11.916667,24.0,0.0,0.0,0.0,0.0,0.0,0.0,0.0,0.0
11.916667,25.0,0.0,0.0,0.0,0.0,0.0,0.0,0.0,0.0
12.0,0.0,0.34098503,0.0,8.243585E-5,0.0047856704,0.0,0.0,0.0032016686,0.0
12.0,1.0,0.0,0.0,0.0,0.0,0.0,0.0,0.0,0.0
12.0,2.0,0.0,0.0,0.0,0.0,0.0,0.0,0.0,0.0
12.0,3.0,0.0,0.0,0.0,0.0,0.0,0.0,0.0,0.0
12.0,4.0,0.0,0.0,0.0,0.0,0.0,0.0,0.0,0.0
12.0,5.0,0.0,0.0,0.0,0.0,0.0,0.0,0.0,0.0
12.0,6.0,0.0,0.0,0.0,0.0,0.0,0.0,0.0,0.0
12.0,7.0,0.0,0.0,0.0,0.0,0.0,0.0,0.0,0.0
12.0,8.0,0.0,0.0,0.0,0.0,0.0,0.0,0.0,0.0
12.0,9.0,0.0,0.0,0.0,0.0,0.0,0.0,0.0,0.0
12.0,10.0,0.0,0.0,0.0,0.0,0.0,0.0,0.0,0.0
12.0,11.0,0.0,0.0,0.0,0.0,0.0,0.0,0.0,0.0
12.0,12.0,0.42681798,0.0,1.0986405E-4,0.010505107,0.0,0.0,0.0069776177,0.0
12.0,13.0,0.0,0.0,0.0,0.0,0.0,0.0,0.0,0.0
12.0,14.0,0.0,0.0,0.0,0.0,0.0,0.0,0.0,0.0
12.0,15.0,0.0,0.0,0.0,0.0,0.0,0.0,0.0,0.0
12.0,16.0,0.0,0.0,0.0,0.0,0.0,0.0,0.0,0.0
12.0,17.0,0.0,0.0,0.0,0.0,0.0,0.0,0.0,0.0
12.0,18.0,0.0,0.0,0.0,0.0,0.0,0.0,0.0,0.0
12.0,19.0,0.0,0.0,0.0,0.0,0.0,0.0,0.0,0.0
12.0,20.0,0.0,0.0,0.0,0.0,0.0,0.0,0.0,0.0
12.0,21.0,0.0,0.0,0.0,0.0,0.0,0.0,0.0,0.0
12.0,22.0,0.0,0.0,0.0,0.0,0.0,0.0,0.0,0.0
12.0,23.0,0.0,0.0,0.0,0.0,0.0,0.0,0.0,0.0
12.0,24.0,0.0,0.0,0.0,0.0,0.0,0.0,0.0,0.0
12.0,25.0,0.0,0.0,0.0,0.0,0.0,0.0,0.0,0.0
12.083333,0.0,0.08488573,0.0,1.0854153E-5,8.3327026E-4,0.0,0.0,6.005856E-4,0.0
12.083333,1.0,0.0,0.0,0.0,0.0,0.0,0.0,0.0,0.0
12.083333,2.0,0.0,0.0,0.0,0.0,0.0,0.0,0.0,0.0
12.083333,3.0,0.0,0.0,0.0,0.0,0.0,0.0,0.0,0.0
12.083333,4.0,0.0,0.0,0.0,0.0,0.0,0.0,0.0,0.0
12.083333,5.0,0.0,0.0,0.0,0.0,0.0,0.0,0.0,0.0
12.083333,6.0,0.0,0.0,0.0,0.0,0.0,0.0,0.0,0.0
12.083333,7.0,0.0,0.0,0.0,0.0,0.0,0.0,0.0,0.0
12.083333,8.0,0.0,0.0,0.0,0.0,0.0,0.0,0.0,0.0
12.083333,9.0,0.0,0.0,0.0,0.0,0.0,0.0,0.0,0.0
12.083333,10.0,0.0,0.0,0.0,0.0,0.0,0.0,0.0,0.0
12.083333,11.0,0.0,0.0,0.0,0.0,0.0,0.0,0.0,0.0
12.083333,12.0,0.027935756,0.0,1.0831476E-4,0.0073519736,0.0,0.0,0.0052699284,0.0
12.083333,13.0,0.0,0.0,0.0,0.0,0.0,0.0,0.0,0.0
12.083333,14.0,0.0,0.0,0.0,0.0,0.0,0.0,0.0,0.0
12.083333,15.0,0.0,0.0,0.0,0.0,0.0,0.0,0.0,0.0
12.083333,16.0,0.0,0.0,0.0,0.0,0.0,0.0,0.0,0.0
12.083333,17.0,0.0,0.0,0.0,0.0,0.0,0.0,0.0,0.0
12.083333,18.0,0.0,0.0,0.0,0.0,0.0,0.0,0.0,0.0
12.083333,19.0,0.0,0.0,0.0,0.0,0.0,0.0,0.0,0.0
12.083333,20.0,0.0,0.0,0.0,0.0,0.0,0.0,0.0,0.0
12.083333,21.0,0.0,0.0,0.0,0.0,0.0,0.0,0.0,0.0
12.083333,22.0,0.0,0.0,0.0,0.0,0.0,0.0,0.0,0.0
12.083333,23.0,0.0,0.0,0.0,0.0,0.0,0.0,0.0,0.0
12.083333,24.0,0.0,0.0,0.0,0.0,0.0,0.0,0.0,0.0
12.083333,25.0,0.0,0.0,0.0,0.0,0.0,0.0,0.0,0.0
12.166667,0.0,0.0,0.0,0.0,0.0,0.0,0.0,0.0,0.0
12.166667,1.0,0.0,0.0,0.0,0.0,0.0,0.0,0.0,0.0
12.166667,2.0,0.0,0.0,0.0,0.0,0.0,0.0,0.0,0.0
12.166667,3.0,0.0,0.0,0.0,0.0,0.0,0.0,0.0,0.0
12.166667,4.0,0.0,0.0,0.0,0.0,0.0,0.0,0.0,0.0
12.166667,5.0,0.0,0.0,0.0,0.0,0.0,0.0,0.0,0.0
12.166667,6.0,0.0,0.0,0.0,0.0,0.0,0.0,0.0,0.0
12.166667,7.0,0.0,0.0,0.0,0.0,0.0,0.0,0.0,0.0
12.166667,8.0,0.0,0.0,0.0,0.0,0.0,0.0,0.0,0.0
12.166667,9.0,0.0,0.0,0.0,0.0,0.0,0.0,0.0,0.0
12.166667,10.0,0.0,0.0,0.0,0.0,0.0,0.0,0.0,0.0
12.166667,11.0,0.0,0.0,0.0,0.0,0.0,0.0,0.0,0.0
12.166667,12.0,0.0,0.0,1.0828938E-4,0.0073497174,0.0,0.0,0.0052682525,0.0
12.166667,13.0,0.0,0.0,0.0,0.0,0.0,0.0,0.0,0.0
12.166667,14.0,0.0,0.0,0.0,0.0,0.0,0.0,0.0,0.0
12.166667,15.0,0.0,0.0,0.0,0.0,0.0,0.0,0.0,0.0
12.166667,16.0,0.0,0.0,0.0,0.0,0.0,0.0,0.0,0.0
12.166667,17.0,0.0,0.0,0.0,0.0,0.0,0.0,0.0,0.0
12.166667,18.0,0.0,0.0,0.0,0.0,0.0,0.0,0.0,0.0
12.166667,19.0,0.0,0.0,0.0,0.0,0.0,0.0,0.0,0.0
12.166667,20.0,0.0,0.0,0.0,0.0,0.0,0.0,0.0,0.0
12.166667,21.0,0.0,0.0,0.0,0.0,0.0,0.0,0.0,0.0
12.166667,22.0,0.0,0.0,0.0,0.0,0.0,0.0,0.0,0.0
12.166667,23.0,0.0,0.0,0.0,0.0,0.0,0.0,0.0,0.0
12.166667,24.0,0.0,0.0,0.0,0.0,0.0,0.0,0.0,0.0
12.166667,25.0,0.0,0.0,0.0,0.0,0.0,0.0,0.0,0.0
12.25,0.0,1.798624E-4,0.0,7.593375,4.353811E-8,0.0,0.0,3.1094494E-8,0.0
12.25,1.0,0.0,0.0,0.0,0.0,0.0,0.0,0.0,0.0
12.25,2.0,0.0,0.0,0.0,0.0,0.0,0.0,0.0,0.0
12.25,3.0,0.0,0.0,0.0,0.0,0.0,0.0,0.0,0.0
12.25,4.0,0.0,0.0,0.0,0.0,0.0,0.0,0.0,0.0
12.25,5.0,0.0,0.0,0.0,0.0,0.0,0.0,0.0,0.0
12.25,6.0,0.0,0.0,0.0,0.0,0.0,0.0,0.0,0.0
12.25,7.0,0.0,0.0,0.0,0.0,0.0,0.0,0.0,0.0
12.25,8.0,0.0,0.0,0.0,0.0,0.0,0.0,0.0,0.0
12.25,9.0,0.0,0.0,0.0,0.0,0.0,0.0,0.0,0.0
12.25,10.0,0.0,0.0,0.0,0.0,0.0,0.0,0.0,0.0
12.25,11.0,0.0,0.0,0.0,0.0,0.0,0.0,0.0,0.0
12.25,12.0,0.48627687,0.0,9.879107E-5,0.0070724385,0.0,0.0,0.005069562,0.0
12.25,13.0,0.0,0.0,0.0,0.0,0.0,0.0,0.0,0.0
12.25,14.0,0.0,0.0,0.0,0.0,0.0,0.0,0.0,0.0
12.25,15.0,0.0,0.0,0.0,0.0,0.0,0.0,0.0,0.0
12.25,16.0,0.0,0.0,0.0,0.0,0.0,0.0,0.0,0.0
12.25,17.0,0.0,0.0,0.0,0.0,0.0,0.0,0.0,0.0
12.25,18.0,0.0,0.0,0.0,0.0,0.0,0.0,0.0,0.0
12.25,19.0,0.0,0.0,0.0,0.0,0.0,0.0,0.0,0.0
12.25,20.0,0.0,0.0,0.0,0.0,0.0,0.0,0.0,0.0
12.25,21.0,0.0,0.0,0.0,0.0,0.0,0.0,0.0,0.0
12.25,22.0,0.0,0.0,0.0,0.0,0.0,0.0,0.0,0.0
12.25,23.0,0.0,0.0,0.0,0.0,0.0,0.0,0.0,0.0
12.25,24.0,0.0,0.0,0.0,0.0,0.0,0.0,0.0,0.0
12.25,25.0,0.0,0.0,0.0,0.0,0.0,0.0,0.0,0.0
12.333333,0.0,0.9684101,0.0,9.094947E-5,5.456967E-5,0.0,0.0,3.9016413E-5,0.0
12.333333,1.0,0.0,0.0,0.0,0.0,0.0,0.0,0.0,0.0
12.333333,2.0,0.0,0.0,0.0,0.0,0.0,0.0,0.0,0.0
12.333333,3.0,0.0,0.0,0.0,0.0,0.0,0.0,0.0,0.0
12.333333,4.0,0.0,0.0,0.0,0.0,0.0,0.0,0.0,0.0
12.333333,5.0,0.0,0.0,0.0,0.0,0.0,0.0,0.0,0.0
12.333333,6.0,0.0,0.0,0.0,0.0,0.0,0.0,0.0,0.0
12.333333,7.0,0.0,0.0,0.0,0.0,0.0,0.0,0.0,0.0
12.333333,8.0,0.0,0.0,0.0,0.0,0.0,0.0,0.0,0.0
12.333333,9.0,0.0,0.0,0.0,0.0,0.0,0.0,0.0,0.0
12.333333,10.0,0.0,0.0,0.0,0.0,0.0,0.0,0.0,0.0
12.333333,11.0,0.0,0.0,0.0,0.0,0.0,0.0,0.0,0.0
12.333333,12.0,0.0,0.0,0.0,0.0,0.0,0.0,0.0,0.0
12.333333,13.0,0.0,0.0,0.0,0.0,0.0,0.0,0.0,0.0
12.333333,14.0,0.0,0.0,0.0,0.0,0.0,0.0,0.0,0.0
12.333333,15.0,0.0,0.0,0.0,0.0,0.0,0.0,0.0,0.0
12.333333,16.0,0.0,0.0,0.0,0.0,0.0,0.0,0.0,0.0
12.333333,17.0,0.0,0.0,0.0,0.0,0.0,0.0,0.0,0.0
12.333333,18.0,0.0,0.0,0.0,0.0,0.0,0.0,0.0,0.0
12.333333,19.0,0.0,0.0,0.0,0.0,0.0,0.0,0.0,0.0
12.333333,20.0,0.0,0.0,0.0,0.0,0.0,0.0,0.0,0.0
12.333333,21.0,0.0,0.0,0.0,0.0,0.0,0.0,0.0,0.0
12.333333,22.0,0.0,0.0,0.0,0.0,0.0,0.0,0.0,0.0
12.333333,23.0,0.0,0.0,0.0,0.0,0.0,0.0,0.0,0.0
12.333333,24.0,0.0,0.0,0.0,0.0,0.0,0.0,0.0,0.0
12.333333,25.0,0.0,0.0,0.0,0.0,0.0,0.0,0.0,0.0
12.416667,0.0,0.76460326,0.0,7.3868614E-5,8.327548E-5,0.0,0.0,5.9688922E-5,0.0
12.416667,1.0,0.0,0.0,0.0,0.0,0.0,0.0,0.0,0.0
12.416667,2.0,0.0,0.0,0.0,0.0,0.0,0.0,0.0,0.0
12.416667,3.0,0.0,0.0,0.0,0.0,0.0,0.0,0.0,0.0
12.416667,4.0,0.0,0.0,0.0,0.0,0.0,0.0,0.0,0.0
12.416667,5.0,0.0,0.0,0.0,0.0,0.0,0.0,0.0,0.0
12.416667,6.0,0.0,0.0,0.0,0.0,0.0,0.0,0.0,0.0
12.416667,7.0,0.0,0.0,0.0,0.0,0.0,0.0,0.0,0.0
12.416667,8.0,0.0,0.0,0.0,0.0,0.0,0.0,0.0,0.0
12.416667,9.0,0.0,0.0,0.0,0.0,0.0,0.0,0.0,0.0
12.416667,10.0,0.0,0.0,0.0,0.0,0.0,0.0,0.0,0.0
12.416667,11.0,0.0,0.0,0.0,0.0,0.0,0.0,0.0,0.0
12.416667,12.0,0.0,0.0,0.0,0.0,0.0,0.0,0.0,0.0
12.416667,13.0,0.0,0.0,0.0,0.0,0.0,0.0,0.0,0.0
12.416667,14.0,0.0,0.0,0.0,0.0,0.0,0.0,0.0,0.0
12.416667,15.0,0.0,0.0,0.0,0.0,0.0,0.0,0.0,0.0
12.416667,16.0,0.0,0.0,0.0,0.0,0.0,0.0,0.0,0.0
12.416667,17.0,0.0,0.0,0.0,0.0,0.0,0.0,0.0,0.0
12.416667,18.0,0.0,0.0,0.0,0.0,0.0,0.0,0.0,0.0
12.416667,19.0,0.0,0.0,0.0,0.0,0.0,0.0,0.0,0.0
12.416667,20.0,0.0,0.0,0.0,0.0,0.0,0.0,0.0,0.0
12.416667,21.0,0.0,0.0,0.0,0.0,0.0,0.0,0.0,0.0
12.416667,22.0,0.0,0.0,0.0,0.0,0.0,0.0,0.0,0.0
12.416667,23.0,0.0,0.0,0.0,0.0,0.0,0.0,0.0,0.0
12.416667,24.0,0.0,0.0,0.0,0.0,0.0,0.0,0.0,0.0
12.416667,25.0,0.0,0.0,0.0,0.0,0.0,0.0,0.0,0.0
12.5,0.0,0.9308389,0.0,3.660169E-5,6.128944E-5,0.0,0.0,4.3982658E-5,0.0
12.5,1.0,0.0,0.0,0.0,0.0,0.0,0.0,0.0,0.0
12.5,2.0,0.0,0.0,0.0,0.0,0.0,0.0,0.0,0.0
12.5,3.0,0.0,0.0,0.0,0.0,0.0,0.0,0.0,0.0
12.5,4.0,0.0,0.0,0.0,0.0,0.0,0.0,0.0,0.0
12.5,5.0,0.0,0.0,0.0,0.0,0.0,0.0,0.0,0.0
12.5,6.0,0.0,0.0,0.0,0.0,0.0,0.0,0.0,0.0
12.5,7.0,0.0,0.0,0.0,0.0,0.0,0.0,0.0,0.0
12.5,8.0,0.0,0.0,0.0,0.0,0.0,0.0,0.0,0.0
12.5,9.0,0.0,0.0,0.0,0.0,0.0,0.0,0.0,0.0
12.5,10.0,0.0,0.0,0.0,0.0,0.0,0.0,0.0,0.0
12.5,11.0,0.0,0.0,0.0,0.0,0.0,0.0,0.0,0.0
12.5,12.0,0.0,0.0,0.0,0.0,0.0,0.0,0.0,0.0
12.5,13.0,0.0,0.0,0.0,0.0,0.0,0.0,0.0,0.0
12.5,14.0,0.0,0.0,0.0,0.0,0.0,0.0,0.0,0.0
12.5,15.0,0.0,0.0,0.0,0.0,0.0,0.0,0.0,0.0
12.5,16.0,0.0,0.0,0.0,0.0,0.0,0.0,0.0,0.0
12.5,17.0,0.0,0.0,0.0,0.0,0.0,0.0,0.0,0.0
12.5,18.0,0.0,0.0,0.0,0.0,0.0,0.0,0.0,0.0
12.5,19.0,0.0,0.0,0.0,0.0,0.0,0.0,0.0,0.0
12.5,20.0,0.0,0.0,0.0,0.0,0.0,0.0,0.0,0.0
12.5,21.0,0.0,0.0,0.0,0.0,0.0,0.0,0.0,0.0
12.5,22.0,0.0,0.0,0.0,0.0,0.0,0.0,0.0,0.0
12.5,23.0,0.0,0.0,0.0,0.0,0.0,0.0,0.0,0.0
12.5,24.0,0.0,0.0,0.0,0.0,0.0,0.0,0.0,0.0
12.5,25.0,0.0,0.0,0.0,0.0,0.0,0.0,0.0,0.0
12.583333,0.0,0.0,0.0,0.0,0.0,0.0,0.0,0.0,0.0
12.583333,1.0,0.0,0.0,0.0,0.0,0.0,0.0,0.0,0.0
12.583333,2.0,0.0,0.0,0.0,0.0,0.0,0.0,0.0,0.0
12.583333,3.0,0.0,0.0,0.0,0.0,0.0,0.0,0.0,0.0
12.583333,4.0,0.0,0.0,0.0,0.0,0.0,0.0,0.0,0.0
12.583333,5.0,0.0,0.0,0.0,0.0,0.0,0.0,0.0,0.0
12.583333,6.0,0.0,0.0,0.0,0.0,0.0,0.0,0.0,0.0
12.583333,7.0,0.0,0.0,0.0,0.0,0.0,0.0,0.0,0.0
12.583333,8.0,0.0,0.0,0.0,0.0,0.0,0.0,0.0,0.0
12.583333,9.0,0.0,0.0,0.0,0.0,0.0,0.0,0.0,0.0
12.583333,10.0,0.0,0.0,0.0,0.0,0.0,0.0,0.0,0.0
12.583333,11.0,0.0,0.0,0.0,0.0,0.0,0.0,0.0,0.0
12.583333,12.0,0.0,0.0,0.0,0.0,0.0,0.0,0.0,0.0
12.583333,13.0,0.0,0.0,0.0,0.0,0.0,0.0,0.0,0.0
12.583333,14.0,0.0,0.0,0.0,0.0,0.0,0.0,0.0,0.0
12.583333,15.0,0.0,0.0,0.0,0.0,0.0,0.0,0.0,0.0
12.583333,16.0,0.0,0.0,0.0,0.0,0.0,0.0,0.0,0.0
12.583333,17.0,0.0,0.0,0.0,0.0,0.0,0.0,0.0,0.0
12.583333,18.0,0.0,0.0,0.0,0.0,0.0,0.0,0.0,0.0
12.583333,19.0,0.0,0.0,0.0,0.0,0.0,0.0,0.0,0.0
12.583333,20.0,0.0,0.0,0.0,0.0,0.0,0.0,0.0,0.0
12.583333,21.0,0.0,0.0,0.0,0.0,0.0,0.0,0.0,0.0
12.583333,22.0,0.0,0.0,0.0,0.0,0.0,0.0,0.0,0.0
12.583333,23.0,0.0,0.0,0.0,0.0,0.0,0.0,0.0,0.0
12.583333,24.0,0.0,0.0,0.0,0.0,0.0,0.0,0.0,0.0
12.583333,25.0,0.0,0.0,0.0,0.0,0.0,0.0,0.0,0.0
12.666667,0.0,0.0,0.0,0.0,0.0,0.0,0.0,0.0,0.0
12.666667,1.0,0.0,0.0,0.0,0.0,0.0,0.0,0.0,0.0
12.666667,2.0,0.0,0.0,0.0,0.0,0.0,0.0,0.0,0.0
12.666667,3.0,0.0,0.0,0.0,0.0,0.0,0.0,0.0,0.0
12.666667,4.0,0.0,0.0,0.0,0.0,0.0,0.0,0.0,0.0
12.666667,5.0,0.0,0.0,0.0,0.0,0.0,0.0,0.0,0.0
12.666667,6.0,0.0,0.0,0.0,0.0,0.0,0.0,0.0,0.0
12.666667,7.0,0.0,0.0,0.0,0.0,0.0,0.0,0.0,0.0
12.666667,8.0,0.0,0.0,0.0,0.0,0.0,0.0,0.0,0.0
12.666667,9.0,0.0,0.0,0.0,0.0,0.0,0.0,0.0,0.0
12.666667,10.0,0.0,0.0,0.0,0.0,0.0,0.0,0.0,0.0
12.666667,11.0,0.0,0.0,0.0,0.0,0.0,0.0,0.0,0.0
12.666667,12.0,0.0,0.0,0.0,0.0,0.0,0.0,0.0,0.0
12.666667,13.0,0.0,0.0,0.0,0.0,0.0,0.0,0.0,0.0
12.666667,14.0,0.0,0.0,0.0,0.0,0.0,0.0,0.0,0.0
12.666667,15.0,0.0,0.0,0.0,0.0,0.0,0.0,0.0,0.0
12.666667,16.0,0.0,0.0,0.0,0.0,0.0,0.0,0.0,0.0
12.666667,17.0,0.0,0.0,0.0,0.0,0.0,0.0,0.0,0.0
12.666667,18.0,0.0,0.0,0.0,0.0,0.0,0.0,0.0,0.0
12.666667,19.0,0.0,0.0,0.0,0.0,0.0,0.0,0.0,0.0
12.666667,20.0,0.0,0.0,0.0,0.0,0.0,0.0,0.0,0.0
12.666667,21.0,0.0,0.0,0.0,0.0,0.0,0.0,0.0,0.0
12.666667,22.0,0.0,0.0,0.0,0.0,0.0,0.0,0.0,0.0
12.666667,23.0,0.0,0.0,0.0,0.0,0.0,0.0,0.0,0.0
12.666667,24.0,0.0,0.0,0.0,0.0,0.0,0.0,0.0,0.0
12.666667,25.0,0.0,0.0,0.0,0.0,0.0,0.0,0.0,0.0
12.75,0.0,0.0,0.0,0.0,0.0,0.0,0.0,0.0,0.0
12.75,1.0,0.0,0.0,0.0,0.0,0.0,0.0,0.0,0.0
12.75,2.0,0.0,0.0,0.0,0.0,0.0,0.0,0.0,0.0
12.75,3.0,0.0,0.0,0.0,0.0,0.0,0.0,0.0,0.0
12.75,4.0,0.0,0.0,0.0,0.0,0.0,0.0,0.0,0.0
12.75,5.0,0.0,0.0,0.0,0.0,0.0,0.0,0.0,0.0
12.75,6.0,0.0,0.0,0.0,0.0,0.0,0.0,0.0,0.0
12.75,7.0,0.0,0.0,0.0,0.0,0.0,0.0,0.0,0.0
12.75,8.0,0.0,0.0,0.0,0.0,0.0,0.0,0.0,0.0
12.75,9.0,0.0,0.0,0.0,0.0,0.0,0.0,0.0,0.0
12.75,10.0,0.0,0.0,0.0,0.0,0.0,0.0,0.0,0.0
12.75,11.0,0.0,0.0,0.0,0.0,0.0,0.0,0.0,0.0
12.75,12.0,0.0,0.0,0.0,0.0,0.0,0.0,0.0,0.0
12.75,13.0,0.0,0.0,0.0,0.0,0.0,0.0,0.0,0.0
12.75,14.0,0.0,0.0,0.0,0.0,0.0,0.0,0.0,0.0
12.75,15.0,0.0,0.0,0.0,0.0,0.0,0.0,0.0,0.0
12.75,16.0,0.0,0.0,0.0,0.0,0.0,0.0,0.0,0.0
12.75,17.0,0.0,0.0,0.0,0.0,0.0,0.0,0.0,0.0
12.75,18.0,0.0,0.0,0.0,0.0,0.0,0.0,0.0,0.0
12.75,19.0,0.0,0.0,0.0,0.0,0.0,0.0,0.0,0.0
12.75,20.0,0.0,0.0,0.0,0.0,0.0,0.0,0.0,0.0
12.75,21.0,0.0,0.0,0.0,0.0,0.0,0.0,0.0,0.0
12.75,22.0,0.0,0.0,0.0,0.0,0.0,0.0,0.0,0.0
12.75,23.0,0.0,0.0,0.0,0.0,0.0,0.0,0.0,0.0
12.75,24.0,0.0,0.0,0.0,0.0,0.0,0.0,0.0,0.0
12.75,25.0,0.0,0.0,0.0,0.0,0.0,0.0,0.0,0.0
12.833333,0.0,0.0,0.0,0.0,0.0,0.0,0.0,0.0,0.0
12.833333,1.0,0.0,0.0,0.0,0.0,0.0,0.0,0.0,0.0
12.833333,2.0,0.0,0.0,0.0,0.0,0.0,0.0,0.0,0.0
12.833333,3.0,0.0,0.0,0.0,0.0,0.0,0.0,0.0,0.0
12.833333,4.0,0.0,0.0,0.0,0.0,0.0,0.0,0.0,0.0
12.833333,5.0,0.0,0.0,0.0,0.0,0.0,0.0,0.0,0.0
12.833333,6.0,0.0,0.0,0.0,0.0,0.0,0.0,0.0,0.0
12.833333,7.0,0.0,0.0,0.0,0.0,0.0,0.0,0.0,0.0
12.833333,8.0,0.0,0.0,0.0,0.0,0.0,0.0,0.0,0.0
12.833333,9.0,0.0,0.0,0.0,0.0,0.0,0.0,0.0,0.0
12.833333,10.0,0.0,0.0,0.0,0.0,0.0,0.0,0.0,0.0
12.833333,11.0,0.0,0.0,0.0,0.0,0.0,0.0,0.0,0.0
12.833333,12.0,0.0,0.0,0.0,0.0,0.0,0.0,0.0,0.0
12.833333,13.0,0.0,0.0,0.0,0.0,0.0,0.0,0.0,0.0
12.833333,14.0,0.0,0.0,0.0,0.0,0.0,0.0,0.0,0.0
12.833333,15.0,0.0,0.0,0.0,0.0,0.0,0.0,0.0,0.0
12.833333,16.0,0.0,0.0,0.0,0.0,0.0,0.0,0.0,0.0
12.833333,17.0,0.0,0.0,0.0,0.0,0.0,0.0,0.0,0.0
12.833333,18.0,0.0,0.0,0.0,0.0,0.0,0.0,0.0,0.0
12.833333,19.0,0.0,0.0,0.0,0.0,0.0,0.0,0.0,0.0
12.833333,20.0,0.0,0.0,0.0,0.0,0.0,0.0,0.0,0.0
12.833333,21.0,0.0,0.0,0.0,0.0,0.0,0.0,0.0,0.0
12.833333,22.0,0.0,0.0,0.0,0.0,0.0,0.0,0.0,0.0
12.833333,23.0,0.0,0.0,0.0,0.0,0.0,0.0,0.0,0.0
12.833333,24.0,0.0,0.0,0.0,0.0,0.0,0.0,0.0,0.0
12.833333,25.0,0.0,0.0,0.0,0.0,0.0,0.0,0.0,0.0
12.916667,0.0,0.0,0.0,0.0,0.0,0.0,0.0,0.0,0.0
12.916667,1.0,0.0,0.0,0.0,0.0,0.0,0.0,0.0,0.0
12.916667,2.0,0.0,0.0,0.0,0.0,0.0,0.0,0.0,0.0
12.916667,3.0,0.0,0.0,0.0,0.0,0.0,0.0,0.0,0.0
12.916667,4.0,0.0,0.0,0.0,0.0,0.0,0.0,0.0,0.0
12.916667,5.0,0.0,0.0,0.0,0.0,0.0,0.0,0.0,0.0
12.916667,6.0,0.0,0.0,0.0,0.0,0.0,0.0,0.0,0.0
12.916667,7.0,0.0,0.0,0.0,0.0,0.0,0.0,0.0,0.0
12.916667,8.0,0.0,0.0,0.0,0.0,0.0,0.0,0.0,0.0
12.916667,9.0,0.0,0.0,0.0,0.0,0.0,0.0,0.0,0.0
12.916667,10.0,0.0,0.0,0.0,0.0,0.0,0.0,0.0,0.0
12.916667,11.0,0.0,0.0,0.0,0.0,0.0,0.0,0.0,0.0
12.916667,12.0,0.0,0.0,0.0,0.0,0.0,0.0,0.0,0.0
12.916667,13.0,0.0,0.0,0.0,0.0,0.0,0.0,0.0,0.0
12.916667,14.0,0.0,0.0,0.0,0.0,0.0,0.0,0.0,0.0
12.916667,15.0,0.0,0.0,0.0,0.0,0.0,0.0,0.0,0.0
12.916667,16.0,0.0,0.0,0.0,0.0,0.0,0.0,0.0,0.0
12.916667,17.0,0.0,0.0,0.0,0.0,0.0,0.0,0.0,0.0
12.916667,18.0,0.0,0.0,0.0,0.0,0.0,0.0,0.0,0.0
12.916667,19.0,0.0,0.0,0.0,0.0,0.0,0.0,0.0,0.0
12.916667,20.0,0.0,0.0,0.0,0.0,0.0,0.0,0.0,0.0
12.916667,21.0,0.0,0.0,0.0,0.0,0.0,0.0,0.0,0.0
12.916667,22.0,0.0,0.0,0.0,0.0,0.0,0.0,0.0,0.0
12.916667,23.0,0.0,0.0,0.0,0.0,0.0,0.0,0.0,0.0
12.916667,24.0,0.0,0.0,0.0,0.0,0.0,0.0,0.0,0.0
12.916667,25.0,0.0,0.0,0.0,0.0,0.0,0.0,0.0,0.0
13.0,0.0,0.0,0.0,0.0,0.0,0.0,0.0,0.0,0.0
13.0,1.0,0.0,0.0,0.0,0.0,0.0,0.0,0.0,0.0
13.0,2.0,0.0,0.0,0.0,0.0,0.0,0.0,0.0,0.0
13.0,3.0,0.0,0.0,0.0,0.0,0.0,0.0,0.0,0.0
13.0,4.0,0.0,0.0,0.0,0.0,0.0,0.0,0.0,0.0
13.0,5.0,0.0,0.0,0.0,0.0,0.0,0.0,0.0,0.0
13.0,6.0,0.0,0.0,0.0,0.0,0.0,0.0,0.0,0.0
13.0,7.0,0.0,0.0,0.0,0.0,0.0,0.0,0.0,0.0
13.0,8.0,0.0,0.0,0.0,0.0,0.0,0.0,0.0,0.0
13.0,9.0,0.0,0.0,0.0,0.0,0.0,0.0,0.0,0.0
13.0,10.0,0.0,0.0,0.0,0.0,0.0,0.0,0.0,0.0
13.0,11.0,0.0,0.0,0.0,0.0,0.0,0.0,0.0,0.0
13.0,12.0,0.0,0.0,0.0,0.0,0.0,0.0,0.0,0.0
13.0,13.0,0.0,0.0,0.0,0.0,0.0,0.0,0.0,0.0
13.0,14.0,0.0,0.0,0.0,0.0,0.0,0.0,0.0,0.0
13.0,15.0,0.0,0.0,0.0,0.0,0.0,0.0,0.0,0.0
13.0,16.0,0.0,0.0,0.0,0.0,0.0,0.0,0.0,0.0
13.0,17.0,0.0,0.0,0.0,0.0,0.0,0.0,0.0,0.0
13.0,18.0,0.0,0.0,0.0,0.0,0.0,0.0,0.0,0.0
13.0,19.0,0.0,0.0,0.0,0.0,0.0,0.0,0.0,0.0
13.0,20.0,0.0,0.0,0.0,0.0,0.0,0.0,0.0,0.0
13.0,21.0,0.0,0.0,0.0,0.0,0.0,0.0,0.0,0.0
13.0,22.0,0.0,0.0,0.0,0.0,0.0,0.0,0.0,0.0
13.0,23.0,0.0,0.0,0.0,0.0,0.0,0.0,0.0,0.0
13.0,24.0,0.0,0.0,0.0,0.0,0.0,0.0,0.0,0.0
13.0,25.0,0.0,0.0,0.0,0.0,0.0,0.0,0.0,0.0
13.083333,0.0,0.0,0.0,0.0,0.0,0.0,0.0,0.0,0.0
13.083333,1.0,0.0,0.0,0.0,0.0,0.0,0.0,0.0,0.0
13.083333,2.0,0.0,0.0,0.0,0.0,0.0,0.0,0.0,0.0
13.083333,3.0,0.0,0.0,0.0,0.0,0.0,0.0,0.0,0.0
13.083333,4.0,0.0,0.0,0.0,0.0,0.0,0.0,0.0,0.0
13.083333,5.0,0.0,0.0,0.0,0.0,0.0,0.0,0.0,0.0
13.083333,6.0,0.0,0.0,0.0,0.0,0.0,0.0,0.0,0.0
13.083333,7.0,0.0,0.0,0.0,0.0,0.0,0.0,0.0,0.0
13.083333,8.0,0.0,0.0,0.0,0.0,0.0,0.0,0.0,0.0
13.083333,9.0,0.0,0.0,0.0,0.0,0.0,0.0,0.0,0.0
13.083333,10.0,0.0,0.0,0.0,0.0,0.0,0.0,0.0,0.0
13.083333,11.0,0.0,0.0,0.0,0.0,0.0,0.0,0.0,0.0
13.083333,12.0,0.0,0.0,0.0,0.0,0.0,0.0,0.0,0.0
13.083333,13.0,0.0,0.0,0.0,0.0,0.0,0.0,0.0,0.0
13.083333,14.0,0.0,0.0,0.0,0.0,0.0,0.0,0.0,0.0
13.083333,15.0,0.0,0.0,0.0,0.0,0.0,0.0,0.0,0.0
13.083333,16.0,0.0,0.0,0.0,0.0,0.0,0.0,0.0,0.0
13.083333,17.0,0.0,0.0,0.0,0.0,0.0,0.0,0.0,0.0
13.083333,18.0,0.0,0.0,0.0,0.0,0.0,0.0,0.0,0.0
13.083333,19.0,0.0,0.0,0.0,0.0,0.0,0.0,0.0,0.0
13.083333,20.0,0.0,0.0,0.0,0.0,0.0,0.0,0.0,0.0
13.083333,21.0,0.0,0.0,0.0,0.0,0.0,0.0,0.0,0.0
13.083333,22.0,0.0,0.0,0.0,0.0,0.0,0.0,0.0,0.0
13.083333,23.0,0.0,0.0,0.0,0.0,0.0,0.0,0.0,0.0
13.083333,24.0,0.0,0.0,0.0,0.0,0.0,0.0,0.0,0.0
13.083333,25.0,0.0,0.0,0.0,0.0,0.0,0.0,0.0,0.0
13.166667,0.0,0.0,0.0,0.0,0.0,0.0,0.0,0.0,0.0
13.166667,1.0,0.0,0.0,0.0,0.0,0.0,0.0,0.0,0.0
13.166667,2.0,0.0,0.0,0.0,0.0,0.0,0.0,0.0,0.0
13.166667,3.0,0.0,0.0,0.0,0.0,0.0,0.0,0.0,0.0
13.166667,4.0,0.0,0.0,0.0,0.0,0.0,0.0,0.0,0.0
13.166667,5.0,0.0,0.0,0.0,0.0,0.0,0.0,0.0,0.0
13.166667,6.0,0.0,0.0,0.0,0.0,0.0,0.0,0.0,0.0
13.166667,7.0,0.0,0.0,0.0,0.0,0.0,0.0,0.0,0.0
13.166667,8.0,0.0,0.0,0.0,0.0,0.0,0.0,0.0,0.0
13.166667,9.0,0.0,0.0,0.0,0.0,0.0,0.0,0.0,0.0
13.166667,10.0,0.0,0.0,0.0,0.0,0.0,0.0,0.0,0.0
13.166667,11.0,0.0,0.0,0.0,0.0,0.0,0.0,0.0,0.0
13.166667,12.0,0.0,0.0,0.0,0.0,0.0,0.0,0.0,0.0
13.166667,13.0,0.0,0.0,0.0,0.0,0.0,0.0,0.0,0.0
13.166667,14.0,0.0,0.0,0.0,0.0,0.0,0.0,0.0,0.0
13.166667,15.0,0.0,0.0,0.0,0.0,0.0,0.0,0.0,0.0
13.166667,16.0,0.0,0.0,0.0,0.0,0.0,0.0,0.0,0.0
13.166667,17.0,0.0,0.0,0.0,0.0,0.0,0.0,0.0,0.0
13.166667,18.0,0.0,0.0,0.0,0.0,0.0,0.0,0.0,0.0
13.166667,19.0,0.0,0.0,0.0,0.0,0.0,0.0,0.0,0.0
13.166667,20.0,0.0,0.0,0.0,0.0,0.0,0.0,0.0,0.0
13.166667,21.0,0.0,0.0,0.0,0.0,0.0,0.0,0.0,0.0
13.166667,22.0,0.0,0.0,0.0,0.0,0.0,0.0,0.0,0.0
13.166667,23.0,0.0,0.0,0.0,0.0,0.0,0.0,0.0,0.0
13.166667,24.0,0.0,0.0,0.0,0.0,0.0,0.0,0.0,0.0
13.166667,25.0,0.0,0.0,0.0,0.0,0.0,0.0,0.0,0.0
13.25,0.0,0.0,0.0,0.0,0.0,0.0,0.0,0.0,0.0
13.25,1.0,0.0,0.0,0.0,0.0,0.0,0.0,0.0,0.0
13.25,2.0,0.0,0.0,0.0,0.0,0.0,0.0,0.0,0.0
13.25,3.0,0.0,0.0,0.0,0.0,0.0,0.0,0.0,0.0
13.25,4.0,0.0,0.0,0.0,0.0,0.0,0.0,0.0,0.0
13.25,5.0,0.0,0.0,0.0,0.0,0.0,0.0,0.0,0.0
13.25,6.0,0.0,0.0,0.0,0.0,0.0,0.0,0.0,0.0
13.25,7.0,0.0,0.0,0.0,0.0,0.0,0.0,0.0,0.0
13.25,8.0,0.0,0.0,0.0,0.0,0.0,0.0,0.0,0.0
13.25,9.0,0.0,0.0,0.0,0.0,0.0,0.0,0.0,0.0
13.25,10.0,0.0,0.0,0.0,0.0,0.0,0.0,0.0,0.0
13.25,11.0,0.0,0.0,0.0,0.0,0.0,0.0,0.0,0.0
13.25,12.0,0.0,0.0,0.0,0.0,0.0,0.0,0.0,0.0
13.25,13.0,0.0,0.0,0.0,0.0,0.0,0.0,0.0,0.0
13.25,14.0,0.0,0.0,0.0,0.0,0.0,0.0,0.0,0.0
13.25,15.0,0.0,0.0,0.0,0.0,0.0,0.0,0.0,0.0
13.25,16.0,0.0,0.0,0.0,0.0,0.0,0.0,0.0,0.0
13.25,17.0,0.0,0.0,0.0,0.0,0.0,0.0,0.0,0.0
13.25,18.0,0.0,0.0,0.0,0.0,0.0,0.0,0.0,0.0
13.25,19.0,0.0,0.0,0.0,0.0,0.0,0.0,0.0,0.0
13.25,20.0,0.0,0.0,0.0,0.0,0.0,0.0,0.0,0.0
13.25,21.0,0.0,0.0,0.0,0.0,0.0,0.0,0.0,0.0
13.25,22.0,0.0,0.0,0.0,0.0,0.0,0.0,0.0,0.0
13.25,23.0,0.0,0.0,0.0,0.0,0.0,0.0,0.0,0.0
13.25,24.0,0.0,0.0,0.0,0.0,0.0,0.0,0.0,0.0
13.25,25.0,0.0,0.0,0.0,0.0,0.0,0.0,0.0,0.0
13.333333,0.0,0.0,0.0,0.0,0.0,0.0,0.0,0.0,0.0
13.333333,1.0,0.0,0.0,0.0,0.0,0.0,0.0,0.0,0.0
13.333333,2.0,0.0,0.0,0.0,0.0,0.0,0.0,0.0,0.0
13.333333,3.0,0.0,0.0,0.0,0.0,0.0,0.0,0.0,0.0
13.333333,4.0,0.0,0.0,0.0,0.0,0.0,0.0,0.0,0.0
13.333333,5.0,0.0,0.0,0.0,0.0,0.0,0.0,0.0,0.0
13.333333,6.0,0.0,0.0,0.0,0.0,0.0,0.0,0.0,0.0
13.333333,7.0,0.0,0.0,0.0,0.0,0.0,0.0,0.0,0.0
13.333333,8.0,0.0,0.0,0.0,0.0,0.0,0.0,0.0,0.0
13.333333,9.0,0.0,0.0,0.0,0.0,0.0,0.0,0.0,0.0
13.333333,10.0,0.0,0.0,0.0,0.0,0.0,0.0,0.0,0.0
13.333333,11.0,0.0,0.0,0.0,0.0,0.0,0.0,0.0,0.0
13.333333,12.0,0.0,0.0,0.0,0.0,0.0,0.0,0.0,0.0
13.333333,13.0,0.0,0.0,0.0,0.0,0.0,0.0,0.0,0.0
13.333333,14.0,0.0,0.0,0.0,0.0,0.0,0.0,0.0,0.0
13.333333,15.0,0.0,0.0,0.0,0.0,0.0,0.0,0.0,0.0
13.333333,16.0,0.0,0.0,0.0,0.0,0.0,0.0,0.0,0.0
13.333333,17.0,0.0,0.0,0.0,0.0,0.0,0.0,0.0,0.0
13.333333,18.0,0.0,0.0,0.0,0.0,0.0,0.0,0.0,0.0
13.333333,19.0,0.0,0.0,0.0,0.0,0.0,0.0,0.0,0.0
13.333333,20.0,0.0,0.0,0.0,0.0,0.0,0.0,0.0,0.0
13.333333,21.0,0.0,0.0,0.0,0.0,0.0,0.0,0.0,0.0
13.333333,22.0,0.0,0.0,0.0,0.0,0.0,0.0,0.0,0.0
13.333333,23.0,0.0,0.0,0.0,0.0,0.0,0.0,0.0,0.0
13.333333,24.0,0.0,0.0,0.0,0.0,0.0,0.0,0.0,0.0
13.333333,25.0,0.0,0.0,0.0,0.0,0.0,0.0,0.0,0.0
13.416667,0.0,0.0,0.0,0.0,0.0,0.0,0.0,0.0,0.0
13.416667,1.0,0.0,0.0,0.0,0.0,0.0,0.0,0.0,0.0
13.416667,2.0,0.0,0.0,0.0,0.0,0.0,0.0,0.0,0.0
13.416667,3.0,0.0,0.0,0.0,0.0,0.0,0.0,0.0,0.0
13.416667,4.0,0.0,0.0,0.0,0.0,0.0,0.0,0.0,0.0
13.416667,5.0,0.0,0.0,0.0,0.0,0.0,0.0,0.0,0.0
13.416667,6.0,0.0,0.0,0.0,0.0,0.0,0.0,0.0,0.0
13.416667,7.0,0.0,0.0,0.0,0.0,0.0,0.0,0.0,0.0
13.416667,8.0,0.0,0.0,0.0,0.0,0.0,0.0,0.0,0.0
13.416667,9.0,0.0,0.0,0.0,0.0,0.0,0.0,0.0,0.0
13.416667,10.0,0.0,0.0,0.0,0.0,0.0,0.0,0.0,0.0
13.416667,11.0,0.0,0.0,0.0,0.0,0.0,0.0,0.0,0.0
13.416667,12.0,0.0,0.0,0.0,0.0,0.0,0.0,0.0,0.0
13.416667,13.0,0.0,0.0,0.0,0.0,0.0,0.0,0.0,0.0
13.416667,14.0,0.0,0.0,0.0,0.0,0.0,0.0,0.0,0.0
13.416667,15.0,0.0,0.0,0.0,0.0,0.0,0.0,0.0,0.0
13.416667,16.0,0.0,0.0,0.0,0.0,0.0,0.0,0.0,0.0
13.416667,17.0,0.0,0.0,0.0,0.0,0.0,0.0,0.0,0.0
13.416667,18.0,0.0,0.0,0.0,0.0,0.0,0.0,0.0,0.0
13.416667,19.0,0.0,0.0,0.0,0.0,0.0,0.0,0.0,0.0
13.416667,20.0,0.0,0.0,0.0,0.0,0.0,0.0,0.0,0.0
13.416667,21.0,0.0,0.0,0.0,0.0,0.0,0.0,0.0,0.0
13.416667,22.0,0.0,0.0,0.0,0.0,0.0,0.0,0.0,0.0
13.416667,23.0,0.0,0.0,0.0,0.0,0.0,0.0,0.0,0.0
13.416667,24.0,0.0,0.0,0.0,0.0,0.0,0.0,0.0,0.0
13.416667,25.0,0.0,0.0,0.0,0.0,0.0,0.0,0.0,0.0
13.5,0.0,0.0,0.0,0.0,0.0,0.0,0.0,0.0,0.0
13.5,1.0,0.0,0.0,0.0,0.0,0.0,0.0,0.0,0.0
13.5,2.0,0.0,0.0,0.0,0.0,0.0,0.0,0.0,0.0
13.5,3.0,0.0,0.0,0.0,0.0,0.0,0.0,0.0,0.0
13.5,4.0,0.0,0.0,0.0,0.0,0.0,0.0,0.0,0.0
13.5,5.0,0.0,0.0,0.0,0.0,0.0,0.0,0.0,0.0
13.5,6.0,0.0,0.0,0.0,0.0,0.0,0.0,0.0,0.0
13.5,7.0,0.0,0.0,0.0,0.0,0.0,0.0,0.0,0.0
13.5,8.0,0.0,0.0,0.0,0.0,0.0,0.0,0.0,0.0
13.5,9.0,0.0,0.0,0.0,0.0,0.0,0.0,0.0,0.0
13.5,10.0,0.0,0.0,0.0,0.0,0.0,0.0,0.0,0.0
13.5,11.0,0.0,0.0,0.0,0.0,0.0,0.0,0.0,0.0
13.5,12.0,0.0,0.0,0.0,0.0,0.0,0.0,0.0,0.0
13.5,13.0,0.0,0.0,0.0,0.0,0.0,0.0,0.0,0.0
13.5,14.0,0.0,0.0,0.0,0.0,0.0,0.0,0.0,0.0
13.5,15.0,0.0,0.0,0.0,0.0,0.0,0.0,0.0,0.0
13.5,16.0,0.0,0.0,0.0,0.0,0.0,0.0,0.0,0.0
13.5,17.0,0.0,0.0,0.0,0.0,0.0,0.0,0.0,0.0
13.5,18.0,0.0,0.0,0.0,0.0,0.0,0.0,0.0,0.0
13.5,19.0,0.0,0.0,0.0,0.0,0.0,0.0,0.0,0.0
13.5,20.0,0.0,0.0,0.0,0.0,0.0,0.0,0.0,0.0
13.5,21.0,0.0,0.0,0.0,0.0,0.0,0.0,0.0,0.0
13.5,22.0,0.0,0.0,0.0,0.0,0.0,0.0,0.0,0.0
13.5,23.0,0.0,0.0,0.0,0.0,0.0,0.0,0.0,0.0
13.5,24.0,0.0,0.0,0.0,0.0,0.0,0.0,0.0,0.0
13.5,25.0,0.0,0.0,0.0,0.0,0.0,0.0,0.0,0.0
13.583333,0.0,0.0,0.0,0.0,0.0,0.0,0.0,0.0,0.0
13.583333,1.0,0.0,0.0,0.0,0.0,0.0,0.0,0.0,0.0
13.583333,2.0,0.0,0.0,0.0,0.0,0.0,0.0,0.0,0.0
13.583333,3.0,0.0,0.0,0.0,0.0,0.0,0.0,0.0,0.0
13.583333,4.0,0.0,0.0,0.0,0.0,0.0,0.0,0.0,0.0
13.583333,5.0,0.0,0.0,0.0,0.0,0.0,0.0,0.0,0.0
13.583333,6.0,0.0,0.0,0.0,0.0,0.0,0.0,0.0,0.0
13.583333,7.0,0.0,0.0,0.0,0.0,0.0,0.0,0.0,0.0
13.583333,8.0,0.0,0.0,0.0,0.0,0.0,0.0,0.0,0.0
13.583333,9.0,0.0,0.0,0.0,0.0,0.0,0.0,0.0,0.0
13.583333,10.0,0.0,0.0,0.0,0.0,0.0,0.0,0.0,0.0
13.583333,11.0,0.0,0.0,0.0,0.0,0.0,0.0,0.0,0.0
13.583333,12.0,0.0,0.0,0.0,0.0,0.0,0.0,0.0,0.0
13.583333,13.0,0.0,0.0,0.0,0.0,0.0,0.0,0.0,0.0
13.583333,14.0,0.0,0.0,0.0,0.0,0.0,0.0,0.0,0.0
13.583333,15.0,0.0,0.0,0.0,0.0,0.0,0.0,0.0,0.0
13.583333,16.0,0.0,0.0,0.0,0.0,0.0,0.0,0.0,0.0
13.583333,17.0,0.0,0.0,0.0,0.0,0.0,0.0,0.0,0.0
13.583333,18.0,0.0,0.0,0.0,0.0,0.0,0.0,0.0,0.0
13.583333,19.0,0.0,0.0,0.0,0.0,0.0,0.0,0.0,0.0
13.583333,20.0,0.0,0.0,0.0,0.0,0.0,0.0,0.0,0.0
13.583333,21.0,0.0,0.0,0.0,0.0,0.0,0.0,0.0,0.0
13.583333,22.0,0.0,0.0,0.0,0.0,0.0,0.0,0.0,0.0
13.583333,23.0,0.0,0.0,0.0,0.0,0.0,0.0,0.0,0.0
13.583333,24.0,0.0,0.0,0.0,0.0,0.0,0.0,0.0,0.0
13.583333,25.0,0.0,0.0,0.0,0.0,0.0,0.0,0.0,0.0
13.666667,0.0,0.0,0.0,0.0,0.0,0.0,0.0,0.0,0.0
13.666667,1.0,0.0,0.0,0.0,0.0,0.0,0.0,0.0,0.0
13.666667,2.0,0.0,0.0,0.0,0.0,0.0,0.0,0.0,0.0
13.666667,3.0,0.0,0.0,0.0,0.0,0.0,0.0,0.0,0.0
13.666667,4.0,0.0,0.0,0.0,0.0,0.0,0.0,0.0,0.0
13.666667,5.0,0.0,0.0,0.0,0.0,0.0,0.0,0.0,0.0
13.666667,6.0,0.0,0.0,0.0,0.0,0.0,0.0,0.0,0.0
13.666667,7.0,0.0,0.0,0.0,0.0,0.0,0.0,0.0,0.0
13.666667,8.0,0.0,0.0,0.0,0.0,0.0,0.0,0.0,0.0
13.666667,9.0,0.0,0.0,0.0,0.0,0.0,0.0,0.0,0.0
13.666667,10.0,0.0,0.0,0.0,0.0,0.0,0.0,0.0,0.0
13.666667,11.0,0.0,0.0,0.0,0.0,0.0,0.0,0.0,0.0
13.666667,12.0,0.0,0.0,0.0,0.0,0.0,0.0,0.0,0.0
13.666667,13.0,0.0,0.0,0.0,0.0,0.0,0.0,0.0,0.0
13.666667,14.0,0.0,0.0,0.0,0.0,0.0,0.0,0.0,0.0
13.666667,15.0,0.0,0.0,0.0,0.0,0.0,0.0,0.0,0.0
13.666667,16.0,0.0,0.0,0.0,0.0,0.0,0.0,0.0,0.0
13.666667,17.0,0.0,0.0,0.0,0.0,0.0,0.0,0.0,0.0
13.666667,18.0,0.0,0.0,0.0,0.0,0.0,0.0,0.0,0.0
13.666667,19.0,0.0,0.0,0.0,0.0,0.0,0.0,0.0,0.0
13.666667,20.0,0.0,0.0,0.0,0.0,0.0,0.0,0.0,0.0
13.666667,21.0,0.0,0.0,0.0,0.0,0.0,0.0,0.0,0.0
13.666667,22.0,0.0,0.0,0.0,0.0,0.0,0.0,0.0,0.0
13.666667,23.0,0.0,0.0,0.0,0.0,0.0,0.0,0.0,0.0
13.666667,24.0,0.0,0.0,0.0,0.0,0.0,0.0,0.0,0.0
13.666667,25.0,0.0,0.0,0.0,0.0,0.0,0.0,0.0,0.0
13.75,0.0,0.0,0.0,0.0,0.0,0.0,0.0,0.0,0.0
13.75,1.0,0.0,0.0,0.0,0.0,0.0,0.0,0.0,0.0
13.75,2.0,0.0,0.0,0.0,0.0,0.0,0.0,0.0,0.0
13.75,3.0,0.0,0.0,0.0,0.0,0.0,0.0,0.0,0.0
13.75,4.0,0.0,0.0,0.0,0.0,0.0,0.0,0.0,0.0
13.75,5.0,0.0,0.0,0.0,0.0,0.0,0.0,0.0,0.0
13.75,6.0,0.0,0.0,0.0,0.0,0.0,0.0,0.0,0.0
13.75,7.0,0.0,0.0,0.0,0.0,0.0,0.0,0.0,0.0
13.75,8.0,0.0,0.0,0.0,0.0,0.0,0.0,0.0,0.0
13.75,9.0,0.0,0.0,0.0,0.0,0.0,0.0,0.0,0.0
13.75,10.0,0.0,0.0,0.0,0.0,0.0,0.0,0.0,0.0
13.75,11.0,0.0,0.0,0.0,0.0,0.0,0.0,0.0,0.0
13.75,12.0,0.0,0.0,0.0,0.0,0.0,0.0,0.0,0.0
13.75,13.0,0.0,0.0,0.0,0.0,0.0,0.0,0.0,0.0
13.75,14.0,0.0,0.0,0.0,0.0,0.0,0.0,0.0,0.0
13.75,15.0,0.0,0.0,0.0,0.0,0.0,0.0,0.0,0.0
13.75,16.0,0.0,0.0,0.0,0.0,0.0,0.0,0.0,0.0
13.75,17.0,0.0,0.0,0.0,0.0,0.0,0.0,0.0,0.0
13.75,18.0,0.0,0.0,0.0,0.0,0.0,0.0,0.0,0.0
13.75,19.0,0.0,0.0,0.0,0.0,0.0,0.0,0.0,0.0
13.75,20.0,0.0,0.0,0.0,0.0,0.0,0.0,0.0,0.0
13.75,21.0,0.0,0.0,0.0,0.0,0.0,0.0,0.0,0.0
13.75,22.0,0.0,0.0,0.0,0.0,0.0,0.0,0.0,0.0
13.75,23.0,0.0,0.0,0.0,0.0,0.0,0.0,0.0,0.0
13.75,24.0,0.0,0.0,0.0,0.0,0.0,0.0,0.0,0.0
13.75,25.0,0.0,0.0,0.0,0.0,0.0,0.0,0.0,0.0
13.833333,0.0,0.0,0.0,0.0,0.0,0.0,0.0,0.0,0.0
13.833333,1.0,0.0,0.0,0.0,0.0,0.0,0.0,0.0,0.0
13.833333,2.0,0.0,0.0,0.0,0.0,0.0,0.0,0.0,0.0
13.833333,3.0,0.0,0.0,0.0,0.0,0.0,0.0,0.0,0.0
13.833333,4.0,0.0,0.0,0.0,0.0,0.0,0.0,0.0,0.0
13.833333,5.0,0.0,0.0,0.0,0.0,0.0,0.0,0.0,0.0
13.833333,6.0,0.0,0.0,0.0,0.0,0.0,0.0,0.0,0.0
13.833333,7.0,0.0,0.0,0.0,0.0,0.0,0.0,0.0,0.0
13.833333,8.0,0.0,0.0,0.0,0.0,0.0,0.0,0.0,0.0
13.833333,9.0,0.0,0.0,0.0,0.0,0.0,0.0,0.0,0.0
13.833333,10.0,0.0,0.0,0.0,0.0,0.0,0.0,0.0,0.0
13.833333,11.0,0.0,0.0,0.0,0.0,0.0,0.0,0.0,0.0
13.833333,12.0,0.0,0.0,0.0,0.0,0.0,0.0,0.0,0.0
13.833333,13.0,0.0,0.0,0.0,0.0,0.0,0.0,0.0,0.0
13.833333,14.0,0.0,0.0,0.0,0.0,0.0,0.0,0.0,0.0
13.833333,15.0,0.0,0.0,0.0,0.0,0.0,0.0,0.0,0.0
13.833333,16.0,0.0,0.0,0.0,0.0,0.0,0.0,0.0,0.0
13.833333,17.0,0.0,0.0,0.0,0.0,0.0,0.0,0.0,0.0
13.833333,18.0,0.0,0.0,0.0,0.0,0.0,0.0,0.0,0.0
13.833333,19.0,0.0,0.0,0.0,0.0,0.0,0.0,0.0,0.0
13.833333,20.0,0.0,0.0,0.0,0.0,0.0,0.0,0.0,0.0
13.833333,21.0,0.0,0.0,0.0,0.0,0.0,0.0,0.0,0.0
13.833333,22.0,0.0,0.0,0.0,0.0,0.0,0.0,0.0,0.0
13.833333,23.0,0.0,0.0,0.0,0.0,0.0,0.0,0.0,0.0
13.833333,24.0,0.0,0.0,0.0,0.0,0.0,0.0,0.0,0.0
13.833333,25.0,0.0,0.0,0.0,0.0,0.0,0.0,0.0,0.0
13.916667,0.0,0.0,0.0,0.0,0.0,0.0,0.0,0.0,0.0
13.916667,1.0,0.0,0.0,0.0,0.0,0.0,0.0,0.0,0.0
13.916667,2.0,0.0,0.0,0.0,0.0,0.0,0.0,0.0,0.0
13.916667,3.0,0.0,0.0,0.0,0.0,0.0,0.0,0.0,0.0
13.916667,4.0,0.0,0.0,0.0,0.0,0.0,0.0,0.0,0.0
13.916667,5.0,0.0,0.0,0.0,0.0,0.0,0.0,0.0,0.0
13.916667,6.0,0.0,0.0,0.0,0.0,0.0,0.0,0.0,0.0
13.916667,7.0,0.0,0.0,0.0,0.0,0.0,0.0,0.0,0.0
13.916667,8.0,0.0,0.0,0.0,0.0,0.0,0.0,0.0,0.0
13.916667,9.0,0.0,0.0,0.0,0.0,0.0,0.0,0.0,0.0
13.916667,10.0,0.0,0.0,0.0,0.0,0.0,0.0,0.0,0.0
13.916667,11.0,0.0,0.0,0.0,0.0,0.0,0.0,0.0,0.0
13.916667,12.0,0.0,0.0,0.0,0.0,0.0,0.0,0.0,0.0
13.916667,13.0,0.0,0.0,0.0,0.0,0.0,0.0,0.0,0.0
13.916667,14.0,0.0,0.0,0.0,0.0,0.0,0.0,0.0,0.0
13.916667,15.0,0.0,0.0,0.0,0.0,0.0,0.0,0.0,0.0
13.916667,16.0,0.0,0.0,0.0,0.0,0.0,0.0,0.0,0.0
13.916667,17.0,0.0,0.0,0.0,0.0,0.0,0.0,0.0,0.0
13.916667,18.0,0.0,0.0,0.0,0.0,0.0,0.0,0.0,0.0
13.916667,19.0,0.0,0.0,0.0,0.0,0.0,0.0,0.0,0.0
13.916667,20.0,0.0,0.0,0.0,0.0,0.0,0.0,0.0,0.0
13.916667,21.0,0.0,0.0,0.0,0.0,0.0,0.0,0.0,0.0
13.916667,22.0,0.0,0.0,0.0,0.0,0.0,0.0,0.0,0.0
13.916667,23.0,0.0,0.0,0.0,0.0,0.0,0.0,0.0,0.0
13.916667,24.0,0.0,0.0,0.0,0.0,0.0,0.0,0.0,0.0
13.916667,25.0,0.0,0.0,0.0,0.0,0.0,0.0,0.0,0.0
14.0,0.0,0.0,0.0,0.0,0.0,0.0,0.0,0.0,0.0
14.0,1.0,0.0,0.0,0.0,0.0,0.0,0.0,0.0,0.0
14.0,2.0,0.0,0.0,0.0,0.0,0.0,0.0,0.0,0.0
14.0,3.0,0.0,0.0,0.0,0.0,0.0,0.0,0.0,0.0
14.0,4.0,0.0,0.0,0.0,0.0,0.0,0.0,0.0,0.0
14.0,5.0,0.0,0.0,0.0,0.0,0.0,0.0,0.0,0.0
14.0,6.0,0.0,0.0,0.0,0.0,0.0,0.0,0.0,0.0
14.0,7.0,0.0,0.0,0.0,0.0,0.0,0.0,0.0,0.0
14.0,8.0,0.0,0.0,0.0,0.0,0.0,0.0,0.0,0.0
14.0,9.0,0.0,0.0,0.0,0.0,0.0,0.0,0.0,0.0
14.0,10.0,0.0,0.0,0.0,0.0,0.0,0.0,0.0,0.0
14.0,11.0,0.0,0.0,0.0,0.0,0.0,0.0,0.0,0.0
14.0,12.0,0.0,0.0,0.0,0.0,0.0,0.0,0.0,0.0
14.0,13.0,0.0,0.0,0.0,0.0,0.0,0.0,0.0,0.0
14.0,14.0,0.0,0.0,0.0,0.0,0.0,0.0,0.0,0.0
14.0,15.0,0.0,0.0,0.0,0.0,0.0,0.0,0.0,0.0
14.0,16.0,0.0,0.0,0.0,0.0,0.0,0.0,0.0,0.0
14.0,17.0,0.0,0.0,0.0,0.0,0.0,0.0,0.0,0.0
14.0,18.0,0.0,0.0,0.0,0.0,0.0,0.0,0.0,0.0
14.0,19.0,0.0,0.0,0.0,0.0,0.0,0.0,0.0,0.0
14.0,20.0,0.0,0.0,0.0,0.0,0.0,0.0,0.0,0.0
14.0,21.0,0.0,0.0,0.0,0.0,0.0,0.0,0.0,0.0
14.0,22.0,0.0,0.0,0.0,0.0,0.0,0.0,0.0,0.0
14.0,23.0,0.0,0.0,0.0,0.0,0.0,0.0,0.0,0.0
14.0,24.0,0.0,0.0,0.0,0.0,0.0,0.0,0.0,0.0
14.0,25.0,0.0,0.0,0.0,0.0,0.0,0.0,0.0,0.0
14.083333,0.0,0.0,0.0,0.0,0.0,0.0,0.0,0.0,0.0
14.083333,1.0,0.0,0.0,0.0,0.0,0.0,0.0,0.0,0.0
14.083333,2.0,0.0,0.0,0.0,0.0,0.0,0.0,0.0,0.0
14.083333,3.0,0.0,0.0,0.0,0.0,0.0,0.0,0.0,0.0
14.083333,4.0,0.0,0.0,0.0,0.0,0.0,0.0,0.0,0.0
14.083333,5.0,0.0,0.0,0.0,0.0,0.0,0.0,0.0,0.0
14.083333,6.0,0.0,0.0,0.0,0.0,0.0,0.0,0.0,0.0
14.083333,7.0,0.0,0.0,0.0,0.0,0.0,0.0,0.0,0.0
14.083333,8.0,0.0,0.0,0.0,0.0,0.0,0.0,0.0,0.0
14.083333,9.0,0.0,0.0,0.0,0.0,0.0,0.0,0.0,0.0
14.083333,10.0,0.0,0.0,0.0,0.0,0.0,0.0,0.0,0.0
14.083333,11.0,0.0,0.0,0.0,0.0,0.0,0.0,0.0,0.0
14.083333,12.0,0.0,0.0,0.0,0.0,0.0,0.0,0.0,0.0
14.083333,13.0,0.0,0.0,0.0,0.0,0.0,0.0,0.0,0.0
14.083333,14.0,0.0,0.0,0.0,0.0,0.0,0.0,0.0,0.0
14.083333,15.0,0.0,0.0,0.0,0.0,0.0,0.0,0.0,0.0
14.083333,16.0,0.0,0.0,0.0,0.0,0.0,0.0,0.0,0.0
14.083333,17.0,0.0,0.0,0.0,0.0,0.0,0.0,0.0,0.0
14.083333,18.0,0.0,0.0,0.0,0.0,0.0,0.0,0.0,0.0
14.083333,19.0,0.0,0.0,0.0,0.0,0.0,0.0,0.0,0.0
14.083333,20.0,0.0,0.0,0.0,0.0,0.0,0.0,0.0,0.0
14.083333,21.0,0.0,0.0,0.0,0.0,0.0,0.0,0.0,0.0
14.083333,22.0,0.0,0.0,0.0,0.0,0.0,0.0,0.0,0.0
14.083333,23.0,0.0,0.0,0.0,0.0,0.0,0.0,0.0,0.0
14.083333,24.0,0.0,0.0,0.0,0.0,0.0,0.0,0.0,0.0
14.083333,25.0,0.0,0.0,0.0,0.0,0.0,0.0,0.0,0.0
14.166667,0.0,0.0,0.0,0.0,0.0,0.0,0.0,0.0,0.0
14.166667,1.0,0.0,0.0,0.0,0.0,0.0,0.0,0.0,0.0
14.166667,2.0,0.0,0.0,0.0,0.0,0.0,0.0,0.0,0.0
14.166667,3.0,0.0,0.0,0.0,0.0,0.0,0.0,0.0,0.0
14.166667,4.0,0.0,0.0,0.0,0.0,0.0,0.0,0.0,0.0
14.166667,5.0,0.0,0.0,0.0,0.0,0.0,0.0,0.0,0.0
14.166667,6.0,0.0,0.0,0.0,0.0,0.0,0.0,0.0,0.0
14.166667,7.0,0.0,0.0,0.0,0.0,0.0,0.0,0.0,0.0
14.166667,8.0,0.0,0.0,0.0,0.0,0.0,0.0,0.0,0.0
14.166667,9.0,0.0,0.0,0.0,0.0,0.0,0.0,0.0,0.0
14.166667,10.0,0.0,0.0,0.0,0.0,0.0,0.0,0.0,0.0
14.166667,11.0,0.0,0.0,0.0,0.0,0.0,0.0,0.0,0.0
14.166667,12.0,0.0,0.0,0.0,0.0,0.0,0.0,0.0,0.0
14.166667,13.0,0.0,0.0,0.0,0.0,0.0,0.0,0.0,0.0
14.166667,14.0,0.0,0.0,0.0,0.0,0.0,0.0,0.0,0.0
14.166667,15.0,0.0,0.0,0.0,0.0,0.0,0.0,0.0,0.0
14.166667,16.0,0.0,0.0,0.0,0.0,0.0,0.0,0.0,0.0
14.166667,17.0,0.0,0.0,0.0,0.0,0.0,0.0,0.0,0.0
14.166667,18.0,0.0,0.0,0.0,0.0,0.0,0.0,0.0,0.0
14.166667,19.0,0.0,0.0,0.0,0.0,0.0,0.0,0.0,0.0
14.166667,20.0,0.0,0.0,0.0,0.0,0.0,0.0,0.0,0.0
14.166667,21.0,0.0,0.0,0.0,0.0,0.0,0.0,0.0,0.0
14.166667,22.0,0.0,0.0,0.0,0.0,0.0,0.0,0.0,0.0
14.166667,23.0,0.0,0.0,0.0,0.0,0.0,0.0,0.0,0.0
14.166667,24.0,0.0,0.0,0.0,0.0,0.0,0.0,0.0,0.0
14.166667,25.0,0.0,0.0,0.0,0.0,0.0,0.0,0.0,0.0
14.25,0.0,0.0,0.0,0.0,0.0,0.0,0.0,0.0,0.0
14.25,1.0,0.0,0.0,0.0,0.0,0.0,0.0,0.0,0.0
14.25,2.0,0.0,0.0,0.0,0.0,0.0,0.0,0.0,0.0
14.25,3.0,0.0,0.0,0.0,0.0,0.0,0.0,0.0,0.0
14.25,4.0,0.0,0.0,0.0,0.0,0.0,0.0,0.0,0.0
14.25,5.0,0.0,0.0,0.0,0.0,0.0,0.0,0.0,0.0
14.25,6.0,0.0,0.0,0.0,0.0,0.0,0.0,0.0,0.0
14.25,7.0,0.0,0.0,0.0,0.0,0.0,0.0,0.0,0.0
14.25,8.0,0.0,0.0,0.0,0.0,0.0,0.0,0.0,0.0
14.25,9.0,0.0,0.0,0.0,0.0,0.0,0.0,0.0,0.0
14.25,10.0,0.0,0.0,0.0,0.0,0.0,0.0,0.0,0.0
14.25,11.0,0.0,0.0,0.0,0.0,0.0,0.0,0.0,0.0
14.25,12.0,0.0,0.0,0.0,0.0,0.0,0.0,0.0,0.0
14.25,13.0,0.0,0.0,0.0,0.0,0.0,0.0,0.0,0.0
14.25,14.0,0.0,0.0,0.0,0.0,0.0,0.0,0.0,0.0
14.25,15.0,0.0,0.0,0.0,0.0,0.0,0.0,0.0,0.0
14.25,16.0,0.0,0.0,0.0,0.0,0.0,0.0,0.0,0.0
14.25,17.0,0.0,0.0,0.0,0.0,0.0,0.0,0.0,0.0
14.25,18.0,0.0,0.0,0.0,0.0,0.0,0.0,0.0,0.0
14.25,19.0,0.0,0.0,0.0,0.0,0.0,0.0,0.0,0.0
14.25,20.0,0.0,0.0,0.0,0.0,0.0,0.0,0.0,0.0
14.25,21.0,0.0,0.0,0.0,0.0,0.0,0.0,0.0,0.0
14.25,22.0,0.0,0.0,0.0,0.0,0.0,0.0,0.0,0.0
14.25,23.0,0.0,0.0,0.0,0.0,0.0,0.0,0.0,0.0
14.25,24.0,0.0,0.0,0.0,0.0,0.0,0.0,0.0,0.0
14.25,25.0,0.0,0.0,0.0,0.0,0.0,0.0,0.0,0.0
14.333333,0.0,0.0,0.0,0.0,0.0,0.0,0.0,0.0,0.0
14.333333,1.0,0.0,0.0,0.0,0.0,0.0,0.0,0.0,0.0
14.333333,2.0,0.0,0.0,0.0,0.0,0.0,0.0,0.0,0.0
14.333333,3.0,0.0,0.0,0.0,0.0,0.0,0.0,0.0,0.0
14.333333,4.0,0.0,0.0,0.0,0.0,0.0,0.0,0.0,0.0
14.333333,5.0,0.0,0.0,0.0,0.0,0.0,0.0,0.0,0.0
14.333333,6.0,0.0,0.0,0.0,0.0,0.0,0.0,0.0,0.0
14.333333,7.0,0.0,0.0,0.0,0.0,0.0,0.0,0.0,0.0
14.333333,8.0,0.0,0.0,0.0,0.0,0.0,0.0,0.0,0.0
14.333333,9.0,0.0,0.0,0.0,0.0,0.0,0.0,0.0,0.0
14.333333,10.0,0.0,0.0,0.0,0.0,0.0,0.0,0.0,0.0
14.333333,11.0,0.0,0.0,0.0,0.0,0.0,0.0,0.0,0.0
14.333333,12.0,0.0,0.0,0.0,0.0,0.0,0.0,0.0,0.0
14.333333,13.0,0.0,0.0,0.0,0.0,0.0,0.0,0.0,0.0
14.333333,14.0,0.0,0.0,0.0,0.0,0.0,0.0,0.0,0.0
14.333333,15.0,0.0,0.0,0.0,0.0,0.0,0.0,0.0,0.0
14.333333,16.0,0.0,0.0,0.0,0.0,0.0,0.0,0.0,0.0
14.333333,17.0,0.0,0.0,0.0,0.0,0.0,0.0,0.0,0.0
14.333333,18.0,0.0,0.0,0.0,0.0,0.0,0.0,0.0,0.0
14.333333,19.0,0.0,0.0,0.0,0.0,0.0,0.0,0.0,0.0
14.333333,20.0,0.0,0.0,0.0,0.0,0.0,0.0,0.0,0.0
14.333333,21.0,0.0,0.0,0.0,0.0,0.0,0.0,0.0,0.0
14.333333,22.0,0.0,0.0,0.0,0.0,0.0,0.0,0.0,0.0
14.333333,23.0,0.0,0.0,0.0,0.0,0.0,0.0,0.0,0.0
14.333333,24.0,0.0,0.0,0.0,0.0,0.0,0.0,0.0,0.0
14.333333,25.0,0.0,0.0,0.0,0.0,0.0,0.0,0.0,0.0
14.416667,0.0,0.0,0.0,0.0,0.0,0.0,0.0,0.0,0.0
14.416667,1.0,0.0,0.0,0.0,0.0,0.0,0.0,0.0,0.0
14.416667,2.0,0.0,0.0,0.0,0.0,0.0,0.0,0.0,0.0
14.416667,3.0,0.0,0.0,0.0,0.0,0.0,0.0,0.0,0.0
14.416667,4.0,0.0,0.0,0.0,0.0,0.0,0.0,0.0,0.0
14.416667,5.0,0.0,0.0,0.0,0.0,0.0,0.0,0.0,0.0
14.416667,6.0,0.0,0.0,0.0,0.0,0.0,0.0,0.0,0.0
14.416667,7.0,0.0,0.0,0.0,0.0,0.0,0.0,0.0,0.0
14.416667,8.0,0.0,0.0,0.0,0.0,0.0,0.0,0.0,0.0
14.416667,9.0,0.0,0.0,0.0,0.0,0.0,0.0,0.0,0.0
14.416667,10.0,0.0,0.0,0.0,0.0,0.0,0.0,0.0,0.0
14.416667,11.0,0.0,0.0,0.0,0.0,0.0,0.0,0.0,0.0
14.416667,12.0,0.0,0.0,0.0,0.0,0.0,0.0,0.0,0.0
14.416667,13.0,0.0,0.0,0.0,0.0,0.0,0.0,0.0,0.0
14.416667,14.0,0.0,0.0,0.0,0.0,0.0,0.0,0.0,0.0
14.416667,15.0,0.0,0.0,0.0,0.0,0.0,0.0,0.0,0.0
14.416667,16.0,0.0,0.0,0.0,0.0,0.0,0.0,0.0,0.0
14.416667,17.0,0.0,0.0,0.0,0.0,0.0,0.0,0.0,0.0
14.416667,18.0,0.0,0.0,0.0,0.0,0.0,0.0,0.0,0.0
14.416667,19.0,0.0,0.0,0.0,0.0,0.0,0.0,0.0,0.0
14.416667,20.0,0.0,0.0,0.0,0.0,0.0,0.0,0.0,0.0
14.416667,21.0,0.0,0.0,0.0,0.0,0.0,0.0,0.0,0.0
14.416667,22.0,0.0,0.0,0.0,0.0,0.0,0.0,0.0,0.0
14.416667,23.0,0.0,0.0,0.0,0.0,0.0,0.0,0.0,0.0
14.416667,24.0,0.0,0.0,0.0,0.0,0.0,0.0,0.0,0.0
14.416667,25.0,0.0,0.0,0.0,0.0,0.0,0.0,0.0,0.0
14.5,0.0,0.0,0.0,0.0,0.0,0.0,0.0,0.0,0.0
14.5,1.0,0.0,0.0,0.0,0.0,0.0,0.0,0.0,0.0
14.5,2.0,0.0,0.0,0.0,0.0,0.0,0.0,0.0,0.0
14.5,3.0,0.0,0.0,0.0,0.0,0.0,0.0,0.0,0.0
14.5,4.0,0.0,0.0,0.0,0.0,0.0,0.0,0.0,0.0
14.5,5.0,0.0,0.0,0.0,0.0,0.0,0.0,0.0,0.0
14.5,6.0,0.0,0.0,0.0,0.0,0.0,0.0,0.0,0.0
14.5,7.0,0.0,0.0,0.0,0.0,0.0,0.0,0.0,0.0
14.5,8.0,0.0,0.0,0.0,0.0,0.0,0.0,0.0,0.0
14.5,9.0,0.0,0.0,0.0,0.0,0.0,0.0,0.0,0.0
14.5,10.0,0.0,0.0,0.0,0.0,0.0,0.0,0.0,0.0
14.5,11.0,0.0,0.0,0.0,0.0,0.0,0.0,0.0,0.0
14.5,12.0,0.0,0.0,0.0,0.0,0.0,0.0,0.0,0.0
14.5,13.0,0.0,0.0,0.0,0.0,0.0,0.0,0.0,0.0
14.5,14.0,0.0,0.0,0.0,0.0,0.0,0.0,0.0,0.0
14.5,15.0,0.0,0.0,0.0,0.0,0.0,0.0,0.0,0.0
14.5,16.0,0.0,0.0,0.0,0.0,0.0,0.0,0.0,0.0
14.5,17.0,0.0,0.0,0.0,0.0,0.0,0.0,0.0,0.0
14.5,18.0,0.0,0.0,0.0,0.0,0.0,0.0,0.0,0.0
14.5,19.0,0.0,0.0,0.0,0.0,0.0,0.0,0.0,0.0
14.5,20.0,0.0,0.0,0.0,0.0,0.0,0.0,0.0,0.0
14.5,21.0,0.0,0.0,0.0,0.0,0.0,0.0,0.0,0.0
14.5,22.0,0.0,0.0,0.0,0.0,0.0,0.0,0.0,0.0
14.5,23.0,0.0,0.0,0.0,0.0,0.0,0.0,0.0,0.0
14.5,24.0,0.0,0.0,0.0,0.0,0.0,0.0,0.0,0.0
14.5,25.0,0.0,0.0,0.0,0.0,0.0,0.0,0.0,0.0
14.583333,0.0,0.0,0.0,0.0,0.0,0.0,0.0,0.0,0.0
14.583333,1.0,0.0,0.0,0.0,0.0,0.0,0.0,0.0,0.0
14.583333,2.0,0.0,0.0,0.0,0.0,0.0,0.0,0.0,0.0
14.583333,3.0,0.0,0.0,0.0,0.0,0.0,0.0,0.0,0.0
14.583333,4.0,0.0,0.0,0.0,0.0,0.0,0.0,0.0,0.0
14.583333,5.0,0.0,0.0,0.0,0.0,0.0,0.0,0.0,0.0
14.583333,6.0,0.0,0.0,0.0,0.0,0.0,0.0,0.0,0.0
14.583333,7.0,0.0,0.0,0.0,0.0,0.0,0.0,0.0,0.0
14.583333,8.0,0.0,0.0,0.0,0.0,0.0,0.0,0.0,0.0
14.583333,9.0,0.0,0.0,0.0,0.0,0.0,0.0,0.0,0.0
14.583333,10.0,0.0,0.0,0.0,0.0,0.0,0.0,0.0,0.0
14.583333,11.0,0.0,0.0,0.0,0.0,0.0,0.0,0.0,0.0
14.583333,12.0,0.0,0.0,0.0,0.0,0.0,0.0,0.0,0.0
14.583333,13.0,0.0,0.0,0.0,0.0,0.0,0.0,0.0,0.0
14.583333,14.0,0.0,0.0,0.0,0.0,0.0,0.0,0.0,0.0
14.583333,15.0,0.0,0.0,0.0,0.0,0.0,0.0,0.0,0.0
14.583333,16.0,0.0,0.0,0.0,0.0,0.0,0.0,0.0,0.0
14.583333,17.0,0.0,0.0,0.0,0.0,0.0,0.0,0.0,0.0
14.583333,18.0,0.0,0.0,0.0,0.0,0.0,0.0,0.0,0.0
14.583333,19.0,0.0,0.0,0.0,0.0,0.0,0.0,0.0,0.0
14.583333,20.0,0.0,0.0,0.0,0.0,0.0,0.0,0.0,0.0
14.583333,21.0,0.0,0.0,0.0,0.0,0.0,0.0,0.0,0.0
14.583333,22.0,0.0,0.0,0.0,0.0,0.0,0.0,0.0,0.0
14.583333,23.0,0.0,0.0,0.0,0.0,0.0,0.0,0.0,0.0
14.583333,24.0,0.0,0.0,0.0,0.0,0.0,0.0,0.0,0.0
14.583333,25.0,0.0,0.0,0.0,0.0,0.0,0.0,0.0,0.0
14.666667,0.0,0.0,0.0,0.0,0.0,0.0,0.0,0.0,0.0
14.666667,1.0,0.0,0.0,0.0,0.0,0.0,0.0,0.0,0.0
14.666667,2.0,0.0,0.0,0.0,0.0,0.0,0.0,0.0,0.0
14.666667,3.0,0.0,0.0,0.0,0.0,0.0,0.0,0.0,0.0
14.666667,4.0,0.0,0.0,0.0,0.0,0.0,0.0,0.0,0.0
14.666667,5.0,0.0,0.0,0.0,0.0,0.0,0.0,0.0,0.0
14.666667,6.0,0.0,0.0,0.0,0.0,0.0,0.0,0.0,0.0
14.666667,7.0,0.0,0.0,0.0,0.0,0.0,0.0,0.0,0.0
14.666667,8.0,0.0,0.0,0.0,0.0,0.0,0.0,0.0,0.0
14.666667,9.0,0.0,0.0,0.0,0.0,0.0,0.0,0.0,0.0
14.666667,10.0,0.0,0.0,0.0,0.0,0.0,0.0,0.0,0.0
14.666667,11.0,0.0,0.0,0.0,0.0,0.0,0.0,0.0,0.0
14.666667,12.0,0.0,0.0,0.0,0.0,0.0,0.0,0.0,0.0
14.666667,13.0,0.0,0.0,0.0,0.0,0.0,0.0,0.0,0.0
14.666667,14.0,0.0,0.0,0.0,0.0,0.0,0.0,0.0,0.0
14.666667,15.0,0.0,0.0,0.0,0.0,0.0,0.0,0.0,0.0
14.666667,16.0,0.0,0.0,0.0,0.0,0.0,0.0,0.0,0.0
14.666667,17.0,0.0,0.0,0.0,0.0,0.0,0.0,0.0,0.0
14.666667,18.0,0.0,0.0,0.0,0.0,0.0,0.0,0.0,0.0
14.666667,19.0,0.0,0.0,0.0,0.0,0.0,0.0,0.0,0.0
14.666667,20.0,0.0,0.0,0.0,0.0,0.0,0.0,0.0,0.0
14.666667,21.0,0.0,0.0,0.0,0.0,0.0,0.0,0.0,0.0
14.666667,22.0,0.0,0.0,0.0,0.0,0.0,0.0,0.0,0.0
14.666667,23.0,0.0,0.0,0.0,0.0,0.0,0.0,0.0,0.0
14.666667,24.0,0.0,0.0,0.0,0.0,0.0,0.0,0.0,0.0
14.666667,25.0,0.0,0.0,0.0,0.0,0.0,0.0,0.0,0.0
14.75,0.0,0.0,0.0,0.0,0.0,0.0,0.0,0.0,0.0
14.75,1.0,0.0,0.0,0.0,0.0,0.0,0.0,0.0,0.0
14.75,2.0,0.0,0.0,0.0,0.0,0.0,0.0,0.0,0.0
14.75,3.0,0.0,0.0,0.0,0.0,0.0,0.0,0.0,0.0
14.75,4.0,0.0,0.0,0.0,0.0,0.0,0.0,0.0,0.0
14.75,5.0,0.0,0.0,0.0,0.0,0.0,0.0,0.0,0.0
14.75,6.0,0.0,0.0,0.0,0.0,0.0,0.0,0.0,0.0
14.75,7.0,0.0,0.0,0.0,0.0,0.0,0.0,0.0,0.0
14.75,8.0,0.0,0.0,0.0,0.0,0.0,0.0,0.0,0.0
14.75,9.0,0.0,0.0,0.0,0.0,0.0,0.0,0.0,0.0
14.75,10.0,0.0,0.0,0.0,0.0,0.0,0.0,0.0,0.0
14.75,11.0,0.0,0.0,0.0,0.0,0.0,0.0,0.0,0.0
14.75,12.0,0.0,0.0,0.0,0.0,0.0,0.0,0.0,0.0
14.75,13.0,0.0,0.0,0.0,0.0,0.0,0.0,0.0,0.0
14.75,14.0,0.0,0.0,0.0,0.0,0.0,0.0,0.0,0.0
14.75,15.0,0.0,0.0,0.0,0.0,0.0,0.0,0.0,0.0
14.75,16.0,0.0,0.0,0.0,0.0,0.0,0.0,0.0,0.0
14.75,17.0,0.0,0.0,0.0,0.0,0.0,0.0,0.0,0.0
14.75,18.0,0.0,0.0,0.0,0.0,0.0,0.0,0.0,0.0
14.75,19.0,0.0,0.0,0.0,0.0,0.0,0.0,0.0,0.0
14.75,20.0,0.0,0.0,0.0,0.0,0.0,0.0,0.0,0.0
14.75,21.0,0.0,0.0,0.0,0.0,0.0,0.0,0.0,0.0
14.75,22.0,0.0,0.0,0.0,0.0,0.0,0.0,0.0,0.0
14.75,23.0,0.0,0.0,0.0,0.0,0.0,0.0,0.0,0.0
14.75,24.0,0.0,0.0,0.0,0.0,0.0,0.0,0.0,0.0
14.75,25.0,0.0,0.0,0.0,0.0,0.0,0.0,0.0,0.0
14.833333,0.0,0.0,0.0,0.0,0.0,0.0,0.0,0.0,0.0
14.833333,1.0,0.0,0.0,0.0,0.0,0.0,0.0,0.0,0.0
14.833333,2.0,0.0,0.0,0.0,0.0,0.0,0.0,0.0,0.0
14.833333,3.0,0.0,0.0,0.0,0.0,0.0,0.0,0.0,0.0
14.833333,4.0,0.0,0.0,0.0,0.0,0.0,0.0,0.0,0.0
14.833333,5.0,0.0,0.0,0.0,0.0,0.0,0.0,0.0,0.0
14.833333,6.0,0.0,0.0,0.0,0.0,0.0,0.0,0.0,0.0
14.833333,7.0,0.0,0.0,0.0,0.0,0.0,0.0,0.0,0.0
14.833333,8.0,0.0,0.0,0.0,0.0,0.0,0.0,0.0,0.0
14.833333,9.0,0.0,0.0,0.0,0.0,0.0,0.0,0.0,0.0
14.833333,10.0,0.0,0.0,0.0,0.0,0.0,0.0,0.0,0.0
14.833333,11.0,0.0,0.0,0.0,0.0,0.0,0.0,0.0,0.0
14.833333,12.0,0.0,0.0,0.0,0.0,0.0,0.0,0.0,0.0
14.833333,13.0,0.0,0.0,0.0,0.0,0.0,0.0,0.0,0.0
14.833333,14.0,0.0,0.0,0.0,0.0,0.0,0.0,0.0,0.0
14.833333,15.0,0.0,0.0,0.0,0.0,0.0,0.0,0.0,0.0
14.833333,16.0,0.0,0.0,0.0,0.0,0.0,0.0,0.0,0.0
14.833333,17.0,0.0,0.0,0.0,0.0,0.0,0.0,0.0,0.0
14.833333,18.0,0.0,0.0,0.0,0.0,0.0,0.0,0.0,0.0
14.833333,19.0,0.0,0.0,0.0,0.0,0.0,0.0,0.0,0.0
14.833333,20.0,0.0,0.0,0.0,0.0,0.0,0.0,0.0,0.0
14.833333,21.0,0.0,0.0,0.0,0.0,0.0,0.0,0.0,0.0
14.833333,22.0,0.0,0.0,0.0,0.0,0.0,0.0,0.0,0.0
14.833333,23.0,0.0,0.0,0.0,0.0,0.0,0.0,0.0,0.0
14.833333,24.0,0.0,0.0,0.0,0.0,0.0,0.0,0.0,0.0
14.833333,25.0,0.0,0.0,0.0,0.0,0.0,0.0,0.0,0.0
14.916667,0.0,0.0,0.0,0.0,0.0,0.0,0.0,0.0,0.0
14.916667,1.0,0.0,0.0,0.0,0.0,0.0,0.0,0.0,0.0
14.916667,2.0,0.0,0.0,0.0,0.0,0.0,0.0,0.0,0.0
14.916667,3.0,0.0,0.0,0.0,0.0,0.0,0.0,0.0,0.0
14.916667,4.0,0.0,0.0,0.0,0.0,0.0,0.0,0.0,0.0
14.916667,5.0,0.0,0.0,0.0,0.0,0.0,0.0,0.0,0.0
14.916667,6.0,0.0,0.0,0.0,0.0,0.0,0.0,0.0,0.0
14.916667,7.0,0.0,0.0,0.0,0.0,0.0,0.0,0.0,0.0
14.916667,8.0,0.0,0.0,0.0,0.0,0.0,0.0,0.0,0.0
14.916667,9.0,0.0,0.0,0.0,0.0,0.0,0.0,0.0,0.0
14.916667,10.0,0.0,0.0,0.0,0.0,0.0,0.0,0.0,0.0
14.916667,11.0,0.0,0.0,0.0,0.0,0.0,0.0,0.0,0.0
14.916667,12.0,0.0,0.0,0.0,0.0,0.0,0.0,0.0,0.0
14.916667,13.0,0.0,0.0,0.0,0.0,0.0,0.0,0.0,0.0
14.916667,14.0,0.0,0.0,0.0,0.0,0.0,0.0,0.0,0.0
14.916667,15.0,0.0,0.0,0.0,0.0,0.0,0.0,0.0,0.0
14.916667,16.0,0.0,0.0,0.0,0.0,0.0,0.0,0.0,0.0
14.916667,17.0,0.0,0.0,0.0,0.0,0.0,0.0,0.0,0.0
14.916667,18.0,0.0,0.0,0.0,0.0,0.0,0.0,0.0,0.0
14.916667,19.0,0.0,0.0,0.0,0.0,0.0,0.0,0.0,0.0
14.916667,20.0,0.0,0.0,0.0,0.0,0.0,0.0,0.0,0.0
14.916667,21.0,0.0,0.0,0.0,0.0,0.0,0.0,0.0,0.0
14.916667,22.0,0.0,0.0,0.0,0.0,0.0,0.0,0.0,0.0
14.916667,23.0,0.0,0.0,0.0,0.0,0.0,0.0,0.0,0.0
14.916667,24.0,0.0,0.0,0.0,0.0,0.0,0.0,0.0,0.0
14.916667,25.0,0.0,0.0,0.0,0.0,0.0,0.0,0.0,0.0
15.0,0.0,0.0,0.0,0.0,0.0,0.0,0.0,0.0,0.0
15.0,1.0,0.0,0.0,0.0,0.0,0.0,0.0,0.0,0.0
15.0,2.0,0.0,0.0,0.0,0.0,0.0,0.0,0.0,0.0
15.0,3.0,0.0,0.0,0.0,0.0,0.0,0.0,0.0,0.0
15.0,4.0,0.0,0.0,0.0,0.0,0.0,0.0,0.0,0.0
15.0,5.0,0.0,0.0,0.0,0.0,0.0,0.0,0.0,0.0
15.0,6.0,0.0,0.0,0.0,0.0,0.0,0.0,0.0,0.0
15.0,7.0,0.0,0.0,0.0,0.0,0.0,0.0,0.0,0.0
15.0,8.0,0.0,0.0,0.0,0.0,0.0,0.0,0.0,0.0
15.0,9.0,0.0,0.0,0.0,0.0,0.0,0.0,0.0,0.0
15.0,10.0,0.0,0.0,0.0,0.0,0.0,0.0,0.0,0.0
15.0,11.0,0.0,0.0,0.0,0.0,0.0,0.0,0.0,0.0
15.0,12.0,0.0,0.0,0.0,0.0,0.0,0.0,0.0,0.0
15.0,13.0,0.0,0.0,0.0,0.0,0.0,0.0,0.0,0.0
15.0,14.0,0.0,0.0,0.0,0.0,0.0,0.0,0.0,0.0
15.0,15.0,0.0,0.0,0.0,0.0,0.0,0.0,0.0,0.0
15.0,16.0,0.0,0.0,0.0,0.0,0.0,0.0,0.0,0.0
15.0,17.0,0.0,0.0,0.0,0.0,0.0,0.0,0.0,0.0
15.0,18.0,0.0,0.0,0.0,0.0,0.0,0.0,0.0,0.0
15.0,19.0,0.0,0.0,0.0,0.0,0.0,0.0,0.0,0.0
15.0,20.0,0.0,0.0,0.0,0.0,0.0,0.0,0.0,0.0
15.0,21.0,0.0,0.0,0.0,0.0,0.0,0.0,0.0,0.0
15.0,22.0,0.0,0.0,0.0,0.0,0.0,0.0,0.0,0.0
15.0,23.0,0.0,0.0,0.0,0.0,0.0,0.0,0.0,0.0
15.0,24.0,0.0,0.0,0.0,0.0,0.0,0.0,0.0,0.0
15.0,25.0,0.0,0.0,0.0,0.0,0.0,0.0,0.0,0.0
15.083333,0.0,0.0,0.0,0.0,0.0,0.0,0.0,0.0,0.0
15.083333,1.0,0.0,0.0,0.0,0.0,0.0,0.0,0.0,0.0
15.083333,2.0,0.0,0.0,0.0,0.0,0.0,0.0,0.0,0.0
15.083333,3.0,0.0,0.0,0.0,0.0,0.0,0.0,0.0,0.0
15.083333,4.0,0.0,0.0,0.0,0.0,0.0,0.0,0.0,0.0
15.083333,5.0,0.0,0.0,0.0,0.0,0.0,0.0,0.0,0.0
15.083333,6.0,0.0,0.0,0.0,0.0,0.0,0.0,0.0,0.0
15.083333,7.0,0.0,0.0,0.0,0.0,0.0,0.0,0.0,0.0
15.083333,8.0,0.0,0.0,0.0,0.0,0.0,0.0,0.0,0.0
15.083333,9.0,0.0,0.0,0.0,0.0,0.0,0.0,0.0,0.0
15.083333,10.0,0.0,0.0,0.0,0.0,0.0,0.0,0.0,0.0
15.083333,11.0,0.0,0.0,0.0,0.0,0.0,0.0,0.0,0.0
15.083333,12.0,0.0,0.0,0.0,0.0,0.0,0.0,0.0,0.0
15.083333,13.0,0.0,0.0,0.0,0.0,0.0,0.0,0.0,0.0
15.083333,14.0,0.0,0.0,0.0,0.0,0.0,0.0,0.0,0.0
15.083333,15.0,0.0,0.0,0.0,0.0,0.0,0.0,0.0,0.0
15.083333,16.0,0.0,0.0,0.0,0.0,0.0,0.0,0.0,0.0
15.083333,17.0,0.0,0.0,0.0,0.0,0.0,0.0,0.0,0.0
15.083333,18.0,0.0,0.0,0.0,0.0,0.0,0.0,0.0,0.0
15.083333,19.0,0.0,0.0,0.0,0.0,0.0,0.0,0.0,0.0
15.083333,20.0,0.0,0.0,0.0,0.0,0.0,0.0,0.0,0.0
15.083333,21.0,0.0,0.0,0.0,0.0,0.0,0.0,0.0,0.0
15.083333,22.0,0.0,0.0,0.0,0.0,0.0,0.0,0.0,0.0
15.083333,23.0,0.0,0.0,0.0,0.0,0.0,0.0,0.0,0.0
15.083333,24.0,0.0,0.0,0.0,0.0,0.0,0.0,0.0,0.0
15.083333,25.0,0.0,0.0,0.0,0.0,0.0,0.0,0.0,0.0
15.166667,0.0,0.0,0.0,0.0,0.0,0.0,0.0,0.0,0.0
15.166667,1.0,0.0,0.0,0.0,0.0,0.0,0.0,0.0,0.0
15.166667,2.0,0.0,0.0,0.0,0.0,0.0,0.0,0.0,0.0
15.166667,3.0,0.0,0.0,0.0,0.0,0.0,0.0,0.0,0.0
15.166667,4.0,0.0,0.0,0.0,0.0,0.0,0.0,0.0,0.0
15.166667,5.0,0.0,0.0,0.0,0.0,0.0,0.0,0.0,0.0
15.166667,6.0,0.0,0.0,0.0,0.0,0.0,0.0,0.0,0.0
15.166667,7.0,0.0,0.0,0.0,0.0,0.0,0.0,0.0,0.0
15.166667,8.0,0.0,0.0,0.0,0.0,0.0,0.0,0.0,0.0
15.166667,9.0,0.0,0.0,0.0,0.0,0.0,0.0,0.0,0.0
15.166667,10.0,0.0,0.0,0.0,0.0,0.0,0.0,0.0,0.0
15.166667,11.0,0.0,0.0,0.0,0.0,0.0,0.0,0.0,0.0
15.166667,12.0,0.0,0.0,0.0,0.0,0.0,0.0,0.0,0.0
15.166667,13.0,0.0,0.0,0.0,0.0,0.0,0.0,0.0,0.0
15.166667,14.0,0.0,0.0,0.0,0.0,0.0,0.0,0.0,0.0
15.166667,15.0,0.0,0.0,0.0,0.0,0.0,0.0,0.0,0.0
15.166667,16.0,0.0,0.0,0.0,0.0,0.0,0.0,0.0,0.0
15.166667,17.0,0.0,0.0,0.0,0.0,0.0,0.0,0.0,0.0
15.166667,18.0,0.0,0.0,0.0,0.0,0.0,0.0,0.0,0.0
15.166667,19.0,0.0,0.0,0.0,0.0,0.0,0.0,0.0,0.0
15.166667,20.0,0.0,0.0,0.0,0.0,0.0,0.0,0.0,0.0
15.166667,21.0,0.0,0.0,0.0,0.0,0.0,0.0,0.0,0.0
15.166667,22.0,0.0,0.0,0.0,0.0,0.0,0.0,0.0,0.0
15.166667,23.0,0.0,0.0,0.0,0.0,0.0,0.0,0.0,0.0
15.166667,24.0,0.0,0.0,0.0,0.0,0.0,0.0,0.0,0.0
15.166667,25.0,0.0,0.0,0.0,0.0,0.0,0.0,0.0,0.0
15.25,0.0,0.0,0.0,0.0,0.0,0.0,0.0,0.0,0.0
15.25,1.0,0.0,0.0,0.0,0.0,0.0,0.0,0.0,0.0
15.25,2.0,0.0,0.0,0.0,0.0,0.0,0.0,0.0,0.0
15.25,3.0,0.0,0.0,0.0,0.0,0.0,0.0,0.0,0.0
15.25,4.0,0.0,0.0,0.0,0.0,0.0,0.0,0.0,0.0
15.25,5.0,0.0,0.0,0.0,0.0,0.0,0.0,0.0,0.0
15.25,6.0,0.0,0.0,0.0,0.0,0.0,0.0,0.0,0.0
15.25,7.0,0.0,0.0,0.0,0.0,0.0,0.0,0.0,0.0
15.25,8.0,0.0,0.0,0.0,0.0,0.0,0.0,0.0,0.0
15.25,9.0,0.0,0.0,0.0,0.0,0.0,0.0,0.0,0.0
15.25,10.0,0.0,0.0,0.0,0.0,0.0,0.0,0.0,0.0
15.25,11.0,0.0,0.0,0.0,0.0,0.0,0.0,0.0,0.0
15.25,12.0,0.0,0.0,0.0,0.0,0.0,0.0,0.0,0.0
15.25,13.0,0.0,0.0,0.0,0.0,0.0,0.0,0.0,0.0
15.25,14.0,0.0,0.0,0.0,0.0,0.0,0.0,0.0,0.0
15.25,15.0,0.0,0.0,0.0,0.0,0.0,0.0,0.0,0.0
15.25,16.0,0.0,0.0,0.0,0.0,0.0,0.0,0.0,0.0
15.25,17.0,0.0,0.0,0.0,0.0,0.0,0.0,0.0,0.0
15.25,18.0,0.0,0.0,0.0,0.0,0.0,0.0,0.0,0.0
15.25,19.0,0.0,0.0,0.0,0.0,0.0,0.0,0.0,0.0
15.25,20.0,0.0,0.0,0.0,0.0,0.0,0.0,0.0,0.0
15.25,21.0,0.0,0.0,0.0,0.0,0.0,0.0,0.0,0.0
15.25,22.0,0.0,0.0,0.0,0.0,0.0,0.0,0.0,0.0
15.25,23.0,0.0,0.0,0.0,0.0,0.0,0.0,0.0,0.0
15.25,24.0,0.0,0.0,0.0,0.0,0.0,0.0,0.0,0.0
15.25,25.0,0.0,0.0,0.0,0.0,0.0,0.0,0.0,0.0
15.333333,0.0,0.0,0.0,0.0,0.0,0.0,0.0,0.0,0.0
15.333333,1.0,0.0,0.0,0.0,0.0,0.0,0.0,0.0,0.0
15.333333,2.0,0.0,0.0,0.0,0.0,0.0,0.0,0.0,0.0
15.333333,3.0,0.0,0.0,0.0,0.0,0.0,0.0,0.0,0.0
15.333333,4.0,0.0,0.0,0.0,0.0,0.0,0.0,0.0,0.0
15.333333,5.0,0.0,0.0,0.0,0.0,0.0,0.0,0.0,0.0
15.333333,6.0,0.0,0.0,0.0,0.0,0.0,0.0,0.0,0.0
15.333333,7.0,0.0,0.0,0.0,0.0,0.0,0.0,0.0,0.0
15.333333,8.0,0.0,0.0,0.0,0.0,0.0,0.0,0.0,0.0
15.333333,9.0,0.0,0.0,0.0,0.0,0.0,0.0,0.0,0.0
15.333333,10.0,0.0,0.0,0.0,0.0,0.0,0.0,0.0,0.0
15.333333,11.0,0.0,0.0,0.0,0.0,0.0,0.0,0.0,0.0
15.333333,12.0,0.0,0.0,0.0,0.0,0.0,0.0,0.0,0.0
15.333333,13.0,0.0,0.0,0.0,0.0,0.0,0.0,0.0,0.0
15.333333,14.0,0.0,0.0,0.0,0.0,0.0,0.0,0.0,0.0
15.333333,15.0,0.0,0.0,0.0,0.0,0.0,0.0,0.0,0.0
15.333333,16.0,0.0,0.0,0.0,0.0,0.0,0.0,0.0,0.0
15.333333,17.0,0.0,0.0,0.0,0.0,0.0,0.0,0.0,0.0
15.333333,18.0,0.0,0.0,0.0,0.0,0.0,0.0,0.0,0.0
15.333333,19.0,0.0,0.0,0.0,0.0,0.0,0.0,0.0,0.0
15.333333,20.0,0.0,0.0,0.0,0.0,0.0,0.0,0.0,0.0
15.333333,21.0,0.0,0.0,0.0,0.0,0.0,0.0,0.0,0.0
15.333333,22.0,0.0,0.0,0.0,0.0,0.0,0.0,0.0,0.0
15.333333,23.0,0.0,0.0,0.0,0.0,0.0,0.0,0.0,0.0
15.333333,24.0,0.0,0.0,0.0,0.0,0.0,0.0,0.0,0.0
15.333333,25.0,0.0,0.0,0.0,0.0,0.0,0.0,0.0,0.0
15.416667,0.0,0.0,0.0,0.0,0.0,0.0,0.0,0.0,0.0
15.416667,1.0,0.0,0.0,0.0,0.0,0.0,0.0,0.0,0.0
15.416667,2.0,0.0,0.0,0.0,0.0,0.0,0.0,0.0,0.0
15.416667,3.0,0.0,0.0,0.0,0.0,0.0,0.0,0.0,0.0
15.416667,4.0,0.0,0.0,0.0,0.0,0.0,0.0,0.0,0.0
15.416667,5.0,0.0,0.0,0.0,0.0,0.0,0.0,0.0,0.0
15.416667,6.0,0.0,0.0,0.0,0.0,0.0,0.0,0.0,0.0
15.416667,7.0,0.0,0.0,0.0,0.0,0.0,0.0,0.0,0.0
15.416667,8.0,0.0,0.0,0.0,0.0,0.0,0.0,0.0,0.0
15.416667,9.0,0.0,0.0,0.0,0.0,0.0,0.0,0.0,0.0
15.416667,10.0,0.0,0.0,0.0,0.0,0.0,0.0,0.0,0.0
15.416667,11.0,0.0,0.0,0.0,0.0,0.0,0.0,0.0,0.0
15.416667,12.0,0.0,0.0,0.0,0.0,0.0,0.0,0.0,0.0
15.416667,13.0,0.0,0.0,0.0,0.0,0.0,0.0,0.0,0.0
15.416667,14.0,0.0,0.0,0.0,0.0,0.0,0.0,0.0,0.0
15.416667,15.0,0.0,0.0,0.0,0.0,0.0,0.0,0.0,0.0
15.416667,16.0,0.0,0.0,0.0,0.0,0.0,0.0,0.0,0.0
15.416667,17.0,0.0,0.0,0.0,0.0,0.0,0.0,0.0,0.0
15.416667,18.0,0.0,0.0,0.0,0.0,0.0,0.0,0.0,0.0
15.416667,19.0,0.0,0.0,0.0,0.0,0.0,0.0,0.0,0.0
15.416667,20.0,0.0,0.0,0.0,0.0,0.0,0.0,0.0,0.0
15.416667,21.0,0.0,0.0,0.0,0.0,0.0,0.0,0.0,0.0
15.416667,22.0,0.0,0.0,0.0,0.0,0.0,0.0,0.0,0.0
15.416667,23.0,0.0,0.0,0.0,0.0,0.0,0.0,0.0,0.0
15.416667,24.0,0.0,0.0,0.0,0.0,0.0,0.0,0.0,0.0
15.416667,25.0,0.0,0.0,0.0,0.0,0.0,0.0,0.0,0.0
15.5,0.0,0.0,0.0,0.0,0.0,0.0,0.0,0.0,0.0
15.5,1.0,0.0,0.0,0.0,0.0,0.0,0.0,0.0,0.0
15.5,2.0,0.0,0.0,0.0,0.0,0.0,0.0,0.0,0.0
15.5,3.0,0.0,0.0,0.0,0.0,0.0,0.0,0.0,0.0
15.5,4.0,0.0,0.0,0.0,0.0,0.0,0.0,0.0,0.0
15.5,5.0,0.0,0.0,0.0,0.0,0.0,0.0,0.0,0.0
15.5,6.0,0.0,0.0,0.0,0.0,0.0,0.0,0.0,0.0
15.5,7.0,0.0,0.0,0.0,0.0,0.0,0.0,0.0,0.0
15.5,8.0,0.0,0.0,0.0,0.0,0.0,0.0,0.0,0.0
15.5,9.0,0.0,0.0,0.0,0.0,0.0,0.0,0.0,0.0
15.5,10.0,0.0,0.0,0.0,0.0,0.0,0.0,0.0,0.0
15.5,11.0,0.0,0.0,0.0,0.0,0.0,0.0,0.0,0.0
15.5,12.0,0.0,0.0,0.0,0.0,0.0,0.0,0.0,0.0
15.5,13.0,0.0,0.0,0.0,0.0,0.0,0.0,0.0,0.0
15.5,14.0,0.0,0.0,0.0,0.0,0.0,0.0,0.0,0.0
15.5,15.0,0.0,0.0,0.0,0.0,0.0,0.0,0.0,0.0
15.5,16.0,0.0,0.0,0.0,0.0,0.0,0.0,0.0,0.0
15.5,17.0,0.0,0.0,0.0,0.0,0.0,0.0,0.0,0.0
15.5,18.0,0.0,0.0,0.0,0.0,0.0,0.0,0.0,0.0
15.5,19.0,0.0,0.0,0.0,0.0,0.0,0.0,0.0,0.0
15.5,20.0,0.0,0.0,0.0,0.0,0.0,0.0,0.0,0.0
15.5,21.0,0.0,0.0,0.0,0.0,0.0,0.0,0.0,0.0
15.5,22.0,0.0,0.0,0.0,0.0,0.0,0.0,0.0,0.0
15.5,23.0,0.0,0.0,0.0,0.0,0.0,0.0,0.0,0.0
15.5,24.0,0.0,0.0,0.0,0.0,0.0,0.0,0.0,0.0
15.5,25.0,0.0,0.0,0.0,0.0,0.0,0.0,0.0,0.0
15.583333,0.0,0.0,0.0,0.0,0.0,0.0,0.0,0.0,0.0
15.583333,1.0,0.0,0.0,0.0,0.0,0.0,0.0,0.0,0.0
15.583333,2.0,0.0,0.0,0.0,0.0,0.0,0.0,0.0,0.0
15.583333,3.0,0.0,0.0,0.0,0.0,0.0,0.0,0.0,0.0
15.583333,4.0,0.0,0.0,0.0,0.0,0.0,0.0,0.0,0.0
15.583333,5.0,0.0,0.0,0.0,0.0,0.0,0.0,0.0,0.0
15.583333,6.0,0.0,0.0,0.0,0.0,0.0,0.0,0.0,0.0
15.583333,7.0,0.0,0.0,0.0,0.0,0.0,0.0,0.0,0.0
15.583333,8.0,0.0,0.0,0.0,0.0,0.0,0.0,0.0,0.0
15.583333,9.0,0.0,0.0,0.0,0.0,0.0,0.0,0.0,0.0
15.583333,10.0,0.0,0.0,0.0,0.0,0.0,0.0,0.0,0.0
15.583333,11.0,0.0,0.0,0.0,0.0,0.0,0.0,0.0,0.0
15.583333,12.0,0.0,0.0,0.0,0.0,0.0,0.0,0.0,0.0
15.583333,13.0,0.0,0.0,0.0,0.0,0.0,0.0,0.0,0.0
15.583333,14.0,0.0,0.0,0.0,0.0,0.0,0.0,0.0,0.0
15.583333,15.0,0.0,0.0,0.0,0.0,0.0,0.0,0.0,0.0
15.583333,16.0,0.0,0.0,0.0,0.0,0.0,0.0,0.0,0.0
15.583333,17.0,0.0,0.0,0.0,0.0,0.0,0.0,0.0,0.0
15.583333,18.0,0.0,0.0,0.0,0.0,0.0,0.0,0.0,0.0
15.583333,19.0,0.0,0.0,0.0,0.0,0.0,0.0,0.0,0.0
15.583333,20.0,0.0,0.0,0.0,0.0,0.0,0.0,0.0,0.0
15.583333,21.0,0.0,0.0,0.0,0.0,0.0,0.0,0.0,0.0
15.583333,22.0,0.0,0.0,0.0,0.0,0.0,0.0,0.0,0.0
15.583333,23.0,0.0,0.0,0.0,0.0,0.0,0.0,0.0,0.0
15.583333,24.0,0.0,0.0,0.0,0.0,0.0,0.0,0.0,0.0
15.583333,25.0,0.0,0.0,0.0,0.0,0.0,0.0,0.0,0.0
15.666667,0.0,0.0,0.0,0.0,0.0,0.0,0.0,0.0,0.0
15.666667,1.0,0.0,0.0,0.0,0.0,0.0,0.0,0.0,0.0
15.666667,2.0,0.0,0.0,0.0,0.0,0.0,0.0,0.0,0.0
15.666667,3.0,0.0,0.0,0.0,0.0,0.0,0.0,0.0,0.0
15.666667,4.0,0.0,0.0,0.0,0.0,0.0,0.0,0.0,0.0
15.666667,5.0,0.0,0.0,0.0,0.0,0.0,0.0,0.0,0.0
15.666667,6.0,0.0,0.0,0.0,0.0,0.0,0.0,0.0,0.0
15.666667,7.0,0.0,0.0,0.0,0.0,0.0,0.0,0.0,0.0
15.666667,8.0,0.0,0.0,0.0,0.0,0.0,0.0,0.0,0.0
15.666667,9.0,0.0,0.0,0.0,0.0,0.0,0.0,0.0,0.0
15.666667,10.0,0.0,0.0,0.0,0.0,0.0,0.0,0.0,0.0
15.666667,11.0,0.0,0.0,0.0,0.0,0.0,0.0,0.0,0.0
15.666667,12.0,0.0,0.0,0.0,0.0,0.0,0.0,0.0,0.0
15.666667,13.0,0.0,0.0,0.0,0.0,0.0,0.0,0.0,0.0
15.666667,14.0,0.0,0.0,0.0,0.0,0.0,0.0,0.0,0.0
15.666667,15.0,0.0,0.0,0.0,0.0,0.0,0.0,0.0,0.0
15.666667,16.0,0.0,0.0,0.0,0.0,0.0,0.0,0.0,0.0
15.666667,17.0,0.0,0.0,0.0,0.0,0.0,0.0,0.0,0.0
15.666667,18.0,0.0,0.0,0.0,0.0,0.0,0.0,0.0,0.0
15.666667,19.0,0.0,0.0,0.0,0.0,0.0,0.0,0.0,0.0
15.666667,20.0,0.0,0.0,0.0,0.0,0.0,0.0,0.0,0.0
15.666667,21.0,0.0,0.0,0.0,0.0,0.0,0.0,0.0,0.0
15.666667,22.0,0.0,0.0,0.0,0.0,0.0,0.0,0.0,0.0
15.666667,23.0,0.0,0.0,0.0,0.0,0.0,0.0,0.0,0.0
15.666667,24.0,0.0,0.0,0.0,0.0,0.0,0.0,0.0,0.0
15.666667,25.0,0.0,0.0,0.0,0.0,0.0,0.0,0.0,0.0
15.75,0.0,0.0,0.0,0.0,0.0,0.0,0.0,0.0,0.0
15.75,1.0,0.0,0.0,0.0,0.0,0.0,0.0,0.0,0.0
15.75,2.0,0.0,0.0,0.0,0.0,0.0,0.0,0.0,0.0
15.75,3.0,0.0,0.0,0.0,0.0,0.0,0.0,0.0,0.0
15.75,4.0,0.0,0.0,0.0,0.0,0.0,0.0,0.0,0.0
15.75,5.0,0.0,0.0,0.0,0.0,0.0,0.0,0.0,0.0
15.75,6.0,0.0,0.0,0.0,0.0,0.0,0.0,0.0,0.0
15.75,7.0,0.0,0.0,0.0,0.0,0.0,0.0,0.0,0.0
15.75,8.0,0.0,0.0,0.0,0.0,0.0,0.0,0.0,0.0
15.75,9.0,0.0,0.0,0.0,0.0,0.0,0.0,0.0,0.0
15.75,10.0,0.0,0.0,0.0,0.0,0.0,0.0,0.0,0.0
15.75,11.0,0.0,0.0,0.0,0.0,0.0,0.0,0.0,0.0
15.75,12.0,0.0,0.0,0.0,0.0,0.0,0.0,0.0,0.0
15.75,13.0,0.0,0.0,0.0,0.0,0.0,0.0,0.0,0.0
15.75,14.0,0.0,0.0,0.0,0.0,0.0,0.0,0.0,0.0
15.75,15.0,0.0,0.0,0.0,0.0,0.0,0.0,0.0,0.0
15.75,16.0,0.0,0.0,0.0,0.0,0.0,0.0,0.0,0.0
15.75,17.0,0.0,0.0,0.0,0.0,0.0,0.0,0.0,0.0
15.75,18.0,0.0,0.0,0.0,0.0,0.0,0.0,0.0,0.0
15.75,19.0,0.0,0.0,0.0,0.0,0.0,0.0,0.0,0.0
15.75,20.0,0.0,0.0,0.0,0.0,0.0,0.0,0.0,0.0
15.75,21.0,0.0,0.0,0.0,0.0,0.0,0.0,0.0,0.0
15.75,22.0,0.0,0.0,0.0,0.0,0.0,0.0,0.0,0.0
15.75,23.0,0.0,0.0,0.0,0.0,0.0,0.0,0.0,0.0
15.75,24.0,0.0,0.0,0.0,0.0,0.0,0.0,0.0,0.0
15.75,25.0,0.0,0.0,0.0,0.0,0.0,0.0,0.0,0.0
15.833333,0.0,0.0,0.0,0.0,0.0,0.0,0.0,0.0,0.0
15.833333,1.0,0.0,0.0,0.0,0.0,0.0,0.0,0.0,0.0
15.833333,2.0,0.0,0.0,0.0,0.0,0.0,0.0,0.0,0.0
15.833333,3.0,0.0,0.0,0.0,0.0,0.0,0.0,0.0,0.0
15.833333,4.0,0.0,0.0,0.0,0.0,0.0,0.0,0.0,0.0
15.833333,5.0,0.0,0.0,0.0,0.0,0.0,0.0,0.0,0.0
15.833333,6.0,0.0,0.0,0.0,0.0,0.0,0.0,0.0,0.0
15.833333,7.0,0.0,0.0,0.0,0.0,0.0,0.0,0.0,0.0
15.833333,8.0,0.0,0.0,0.0,0.0,0.0,0.0,0.0,0.0
15.833333,9.0,0.0,0.0,0.0,0.0,0.0,0.0,0.0,0.0
15.833333,10.0,0.0,0.0,0.0,0.0,0.0,0.0,0.0,0.0
15.833333,11.0,0.0,0.0,0.0,0.0,0.0,0.0,0.0,0.0
15.833333,12.0,0.0,0.0,0.0,0.0,0.0,0.0,0.0,0.0
15.833333,13.0,0.0,0.0,0.0,0.0,0.0,0.0,0.0,0.0
15.833333,14.0,0.0,0.0,0.0,0.0,0.0,0.0,0.0,0.0
15.833333,15.0,0.0,0.0,0.0,0.0,0.0,0.0,0.0,0.0
15.833333,16.0,0.0,0.0,0.0,0.0,0.0,0.0,0.0,0.0
15.833333,17.0,0.0,0.0,0.0,0.0,0.0,0.0,0.0,0.0
15.833333,18.0,0.0,0.0,0.0,0.0,0.0,0.0,0.0,0.0
15.833333,19.0,0.0,0.0,0.0,0.0,0.0,0.0,0.0,0.0
15.833333,20.0,0.0,0.0,0.0,0.0,0.0,0.0,0.0,0.0
15.833333,21.0,0.0,0.0,0.0,0.0,0.0,0.0,0.0,0.0
15.833333,22.0,0.0,0.0,0.0,0.0,0.0,0.0,0.0,0.0
15.833333,23.0,0.0,0.0,0.0,0.0,0.0,0.0,0.0,0.0
15.833333,24.0,0.0,0.0,0.0,0.0,0.0,0.0,0.0,0.0
15.833333,25.0,0.0,0.0,0.0,0.0,0.0,0.0,0.0,0.0
15.916667,0.0,0.0,0.0,0.0,0.0,0.0,0.0,0.0,0.0
15.916667,1.0,0.0,0.0,0.0,0.0,0.0,0.0,0.0,0.0
15.916667,2.0,0.0,0.0,0.0,0.0,0.0,0.0,0.0,0.0
15.916667,3.0,0.0,0.0,0.0,0.0,0.0,0.0,0.0,0.0
15.916667,4.0,0.0,0.0,0.0,0.0,0.0,0.0,0.0,0.0
15.916667,5.0,0.0,0.0,0.0,0.0,0.0,0.0,0.0,0.0
15.916667,6.0,0.0,0.0,0.0,0.0,0.0,0.0,0.0,0.0
15.916667,7.0,0.0,0.0,0.0,0.0,0.0,0.0,0.0,0.0
15.916667,8.0,0.0,0.0,0.0,0.0,0.0,0.0,0.0,0.0
15.916667,9.0,0.0,0.0,0.0,0.0,0.0,0.0,0.0,0.0
15.916667,10.0,0.0,0.0,0.0,0.0,0.0,0.0,0.0,0.0
15.916667,11.0,0.0,0.0,0.0,0.0,0.0,0.0,0.0,0.0
15.916667,12.0,0.0,0.0,0.0,0.0,0.0,0.0,0.0,0.0
15.916667,13.0,0.0,0.0,0.0,0.0,0.0,0.0,0.0,0.0
15.916667,14.0,0.0,0.0,0.0,0.0,0.0,0.0,0.0,0.0
15.916667,15.0,0.0,0.0,0.0,0.0,0.0,0.0,0.0,0.0
15.916667,16.0,0.0,0.0,0.0,0.0,0.0,0.0,0.0,0.0
15.916667,17.0,0.0,0.0,0.0,0.0,0.0,0.0,0.0,0.0
15.916667,18.0,0.0,0.0,0.0,0.0,0.0,0.0,0.0,0.0
15.916667,19.0,0.0,0.0,0.0,0.0,0.0,0.0,0.0,0.0
15.916667,20.0,0.0,0.0,0.0,0.0,0.0,0.0,0.0,0.0
15.916667,21.0,0.0,0.0,0.0,0.0,0.0,0.0,0.0,0.0
15.916667,22.0,0.0,0.0,0.0,0.0,0.0,0.0,0.0,0.0
15.916667,23.0,0.0,0.0,0.0,0.0,0.0,0.0,0.0,0.0
15.916667,24.0,0.0,0.0,0.0,0.0,0.0,0.0,0.0,0.0
15.916667,25.0,0.0,0.0,0.0,0.0,0.0,0.0,0.0,0.0
16.0,0.0,0.0,0.0,0.0,0.0,0.0,0.0,0.0,0.0
16.0,1.0,0.0,0.0,0.0,0.0,0.0,0.0,0.0,0.0
16.0,2.0,0.0,0.0,0.0,0.0,0.0,0.0,0.0,0.0
16.0,3.0,0.0,0.0,0.0,0.0,0.0,0.0,0.0,0.0
16.0,4.0,0.0,0.0,0.0,0.0,0.0,0.0,0.0,0.0
16.0,5.0,0.0,0.0,0.0,0.0,0.0,0.0,0.0,0.0
16.0,6.0,0.0,0.0,0.0,0.0,0.0,0.0,0.0,0.0
16.0,7.0,0.0,0.0,0.0,0.0,0.0,0.0,0.0,0.0
16.0,8.0,0.0,0.0,0.0,0.0,0.0,0.0,0.0,0.0
16.0,9.0,0.0,0.0,0.0,0.0,0.0,0.0,0.0,0.0
16.0,10.0,0.0,0.0,0.0,0.0,0.0,0.0,0.0,0.0
16.0,11.0,0.0,0.0,0.0,0.0,0.0,0.0,0.0,0.0
16.0,12.0,0.0,0.0,0.0,0.0,0.0,0.0,0.0,0.0
16.0,13.0,0.0,0.0,0.0,0.0,0.0,0.0,0.0,0.0
16.0,14.0,0.0,0.0,0.0,0.0,0.0,0.0,0.0,0.0
16.0,15.0,0.0,0.0,0.0,0.0,0.0,0.0,0.0,0.0
16.0,16.0,0.0,0.0,0.0,0.0,0.0,0.0,0.0,0.0
16.0,17.0,0.0,0.0,0.0,0.0,0.0,0.0,0.0,0.0
16.0,18.0,0.0,0.0,0.0,0.0,0.0,0.0,0.0,0.0
16.0,19.0,0.0,0.0,0.0,0.0,0.0,0.0,0.0,0.0
16.0,20.0,0.0,0.0,0.0,0.0,0.0,0.0,0.0,0.0
16.0,21.0,0.0,0.0,0.0,0.0,0.0,0.0,0.0,0.0
16.0,22.0,0.0,0.0,0.0,0.0,0.0,0.0,0.0,0.0
16.0,23.0,0.0,0.0,0.0,0.0,0.0,0.0,0.0,0.0
16.0,24.0,0.0,0.0,0.0,0.0,0.0,0.0,0.0,0.0
16.0,25.0,0.0,0.0,0.0,0.0,0.0,0.0,0.0,0.0
16.083334,0.0,0.0,0.0,0.0,0.0,0.0,0.0,0.0,0.0
16.083334,1.0,0.0,0.0,0.0,0.0,0.0,0.0,0.0,0.0
16.083334,2.0,0.0,0.0,0.0,0.0,0.0,0.0,0.0,0.0
16.083334,3.0,0.0,0.0,0.0,0.0,0.0,0.0,0.0,0.0
16.083334,4.0,0.0,0.0,0.0,0.0,0.0,0.0,0.0,0.0
16.083334,5.0,0.0,0.0,0.0,0.0,0.0,0.0,0.0,0.0
16.083334,6.0,0.0,0.0,0.0,0.0,0.0,0.0,0.0,0.0
16.083334,7.0,0.0,0.0,0.0,0.0,0.0,0.0,0.0,0.0
16.083334,8.0,0.0,0.0,0.0,0.0,0.0,0.0,0.0,0.0
16.083334,9.0,0.0,0.0,0.0,0.0,0.0,0.0,0.0,0.0
16.083334,10.0,0.0,0.0,0.0,0.0,0.0,0.0,0.0,0.0
16.083334,11.0,0.0,0.0,0.0,0.0,0.0,0.0,0.0,0.0
16.083334,12.0,0.0,0.0,0.0,0.0,0.0,0.0,0.0,0.0
16.083334,13.0,0.0,0.0,0.0,0.0,0.0,0.0,0.0,0.0
16.083334,14.0,0.0,0.0,0.0,0.0,0.0,0.0,0.0,0.0
16.083334,15.0,0.0,0.0,0.0,0.0,0.0,0.0,0.0,0.0
16.083334,16.0,0.0,0.0,0.0,0.0,0.0,0.0,0.0,0.0
16.083334,17.0,0.0,0.0,0.0,0.0,0.0,0.0,0.0,0.0
16.083334,18.0,0.0,0.0,0.0,0.0,0.0,0.0,0.0,0.0
16.083334,19.0,0.0,0.0,0.0,0.0,0.0,0.0,0.0,0.0
16.083334,20.0,0.0,0.0,0.0,0.0,0.0,0.0,0.0,0.0
16.083334,21.0,0.0,0.0,0.0,0.0,0.0,0.0,0.0,0.0
16.083334,22.0,0.0,0.0,0.0,0.0,0.0,0.0,0.0,0.0
16.083334,23.0,0.0,0.0,0.0,0.0,0.0,0.0,0.0,0.0
16.083334,24.0,0.0,0.0,0.0,0.0,0.0,0.0,0.0,0.0
16.083334,25.0,0.0,0.0,0.0,0.0,0.0,0.0,0.0,0.0
16.166666,0.0,0.0,0.0,0.0,0.0,0.0,0.0,0.0,0.0
16.166666,1.0,0.0,0.0,0.0,0.0,0.0,0.0,0.0,0.0
16.166666,2.0,0.0,0.0,0.0,0.0,0.0,0.0,0.0,0.0
16.166666,3.0,0.0,0.0,0.0,0.0,0.0,0.0,0.0,0.0
16.166666,4.0,0.0,0.0,0.0,0.0,0.0,0.0,0.0,0.0
16.166666,5.0,0.0,0.0,0.0,0.0,0.0,0.0,0.0,0.0
16.166666,6.0,0.0,0.0,0.0,0.0,0.0,0.0,0.0,0.0
16.166666,7.0,0.0,0.0,0.0,0.0,0.0,0.0,0.0,0.0
16.166666,8.0,0.0,0.0,0.0,0.0,0.0,0.0,0.0,0.0
16.166666,9.0,0.0,0.0,0.0,0.0,0.0,0.0,0.0,0.0
16.166666,10.0,0.0,0.0,0.0,0.0,0.0,0.0,0.0,0.0
16.166666,11.0,0.0,0.0,0.0,0.0,0.0,0.0,0.0,0.0
16.166666,12.0,0.0,0.0,0.0,0.0,0.0,0.0,0.0,0.0
16.166666,13.0,0.0,0.0,0.0,0.0,0.0,0.0,0.0,0.0
16.166666,14.0,0.0,0.0,0.0,0.0,0.0,0.0,0.0,0.0
16.166666,15.0,0.0,0.0,0.0,0.0,0.0,0.0,0.0,0.0
16.166666,16.0,0.0,0.0,0.0,0.0,0.0,0.0,0.0,0.0
16.166666,17.0,0.0,0.0,0.0,0.0,0.0,0.0,0.0,0.0
16.166666,18.0,0.0,0.0,0.0,0.0,0.0,0.0,0.0,0.0
16.166666,19.0,0.0,0.0,0.0,0.0,0.0,0.0,0.0,0.0
16.166666,20.0,0.0,0.0,0.0,0.0,0.0,0.0,0.0,0.0
16.166666,21.0,0.0,0.0,0.0,0.0,0.0,0.0,0.0,0.0
16.166666,22.0,0.0,0.0,0.0,0.0,0.0,0.0,0.0,0.0
16.166666,23.0,0.0,0.0,0.0,0.0,0.0,0.0,0.0,0.0
16.166666,24.0,0.0,0.0,0.0,0.0,0.0,0.0,0.0,0.0
16.166666,25.0,0.0,0.0,0.0,0.0,0.0,0.0,0.0,0.0
16.25,0.0,0.0,0.0,0.0,0.0,0.0,0.0,0.0,0.0
16.25,1.0,0.0,0.0,0.0,0.0,0.0,0.0,0.0,0.0
16.25,2.0,0.0,0.0,0.0,0.0,0.0,0.0,0.0,0.0
16.25,3.0,0.0,0.0,0.0,0.0,0.0,0.0,0.0,0.0
16.25,4.0,0.0,0.0,0.0,0.0,0.0,0.0,0.0,0.0
16.25,5.0,0.0,0.0,0.0,0.0,0.0,0.0,0.0,0.0
16.25,6.0,0.0,0.0,0.0,0.0,0.0,0.0,0.0,0.0
16.25,7.0,0.0,0.0,0.0,0.0,0.0,0.0,0.0,0.0
16.25,8.0,0.0,0.0,0.0,0.0,0.0,0.0,0.0,0.0
16.25,9.0,0.0,0.0,0.0,0.0,0.0,0.0,0.0,0.0
16.25,10.0,0.0,0.0,0.0,0.0,0.0,0.0,0.0,0.0
16.25,11.0,0.0,0.0,0.0,0.0,0.0,0.0,0.0,0.0
16.25,12.0,0.0,0.0,0.0,0.0,0.0,0.0,0.0,0.0
16.25,13.0,0.0,0.0,0.0,0.0,0.0,0.0,0.0,0.0
16.25,14.0,0.0,0.0,0.0,0.0,0.0,0.0,0.0,0.0
16.25,15.0,0.0,0.0,0.0,0.0,0.0,0.0,0.0,0.0
16.25,16.0,0.0,0.0,0.0,0.0,0.0,0.0,0.0,0.0
16.25,17.0,0.0,0.0,0.0,0.0,0.0,0.0,0.0,0.0
16.25,18.0,0.0,0.0,0.0,0.0,0.0,0.0,0.0,0.0
16.25,19.0,0.0,0.0,0.0,0.0,0.0,0.0,0.0,0.0
16.25,20.0,0.0,0.0,0.0,0.0,0.0,0.0,0.0,0.0
16.25,21.0,0.0,0.0,0.0,0.0,0.0,0.0,0.0,0.0
16.25,22.0,0.0,0.0,0.0,0.0,0.0,0.0,0.0,0.0
16.25,23.0,0.0,0.0,0.0,0.0,0.0,0.0,0.0,0.0
16.25,24.0,0.0,0.0,0.0,0.0,0.0,0.0,0.0,0.0
16.25,25.0,0.0,0.0,0.0,0.0,0.0,0.0,0.0,0.0
16.333334,0.0,0.0,0.0,0.0,0.0,0.0,0.0,0.0,0.0
16.333334,1.0,0.0,0.0,0.0,0.0,0.0,0.0,0.0,0.0
16.333334,2.0,0.0,0.0,0.0,0.0,0.0,0.0,0.0,0.0
16.333334,3.0,0.0,0.0,0.0,0.0,0.0,0.0,0.0,0.0
16.333334,4.0,0.0,0.0,0.0,0.0,0.0,0.0,0.0,0.0
16.333334,5.0,0.0,0.0,0.0,0.0,0.0,0.0,0.0,0.0
16.333334,6.0,0.0,0.0,0.0,0.0,0.0,0.0,0.0,0.0
16.333334,7.0,0.0,0.0,0.0,0.0,0.0,0.0,0.0,0.0
16.333334,8.0,0.0,0.0,0.0,0.0,0.0,0.0,0.0,0.0
16.333334,9.0,0.0,0.0,0.0,0.0,0.0,0.0,0.0,0.0
16.333334,10.0,0.0,0.0,0.0,0.0,0.0,0.0,0.0,0.0
16.333334,11.0,0.0,0.0,0.0,0.0,0.0,0.0,0.0,0.0
16.333334,12.0,0.0,0.0,0.0,0.0,0.0,0.0,0.0,0.0
16.333334,13.0,0.0,0.0,0.0,0.0,0.0,0.0,0.0,0.0
16.333334,14.0,0.0,0.0,0.0,0.0,0.0,0.0,0.0,0.0
16.333334,15.0,0.0,0.0,0.0,0.0,0.0,0.0,0.0,0.0
16.333334,16.0,0.0,0.0,0.0,0.0,0.0,0.0,0.0,0.0
16.333334,17.0,0.0,0.0,0.0,0.0,0.0,0.0,0.0,0.0
16.333334,18.0,0.0,0.0,0.0,0.0,0.0,0.0,0.0,0.0
16.333334,19.0,0.0,0.0,0.0,0.0,0.0,0.0,0.0,0.0
16.333334,20.0,0.0,0.0,0.0,0.0,0.0,0.0,0.0,0.0
16.333334,21.0,0.0,0.0,0.0,0.0,0.0,0.0,0.0,0.0
16.333334,22.0,0.0,0.0,0.0,0.0,0.0,0.0,0.0,0.0
16.333334,23.0,0.0,0.0,0.0,0.0,0.0,0.0,0.0,0.0
16.333334,24.0,0.0,0.0,0.0,0.0,0.0,0.0,0.0,0.0
16.333334,25.0,0.0,0.0,0.0,0.0,0.0,0.0,0.0,0.0
16.416666,0.0,0.0,0.0,0.0,0.0,0.0,0.0,0.0,0.0
16.416666,1.0,0.0,0.0,0.0,0.0,0.0,0.0,0.0,0.0
16.416666,2.0,0.0,0.0,0.0,0.0,0.0,0.0,0.0,0.0
16.416666,3.0,0.0,0.0,0.0,0.0,0.0,0.0,0.0,0.0
16.416666,4.0,0.0,0.0,0.0,0.0,0.0,0.0,0.0,0.0
16.416666,5.0,0.0,0.0,0.0,0.0,0.0,0.0,0.0,0.0
16.416666,6.0,0.0,0.0,0.0,0.0,0.0,0.0,0.0,0.0
16.416666,7.0,0.0,0.0,0.0,0.0,0.0,0.0,0.0,0.0
16.416666,8.0,0.0,0.0,0.0,0.0,0.0,0.0,0.0,0.0
16.416666,9.0,0.0,0.0,0.0,0.0,0.0,0.0,0.0,0.0
16.416666,10.0,0.0,0.0,0.0,0.0,0.0,0.0,0.0,0.0
16.416666,11.0,0.0,0.0,0.0,0.0,0.0,0.0,0.0,0.0
16.416666,12.0,0.0,0.0,0.0,0.0,0.0,0.0,0.0,0.0
16.416666,13.0,0.0,0.0,0.0,0.0,0.0,0.0,0.0,0.0
16.416666,14.0,0.0,0.0,0.0,0.0,0.0,0.0,0.0,0.0
16.416666,15.0,0.0,0.0,0.0,0.0,0.0,0.0,0.0,0.0
16.416666,16.0,0.0,0.0,0.0,0.0,0.0,0.0,0.0,0.0
16.416666,17.0,0.0,0.0,0.0,0.0,0.0,0.0,0.0,0.0
16.416666,18.0,0.0,0.0,0.0,0.0,0.0,0.0,0.0,0.0
16.416666,19.0,0.0,0.0,0.0,0.0,0.0,0.0,0.0,0.0
16.416666,20.0,0.0,0.0,0.0,0.0,0.0,0.0,0.0,0.0
16.416666,21.0,0.0,0.0,0.0,0.0,0.0,0.0,0.0,0.0
16.416666,22.0,0.0,0.0,0.0,0.0,0.0,0.0,0.0,0.0
16.416666,23.0,0.0,0.0,0.0,0.0,0.0,0.0,0.0,0.0
16.416666,24.0,0.0,0.0,0.0,0.0,0.0,0.0,0.0,0.0
16.416666,25.0,0.0,0.0,0.0,0.0,0.0,0.0,0.0,0.0
16.5,0.0,0.0,0.0,0.0,0.0,0.0,0.0,0.0,0.0
16.5,1.0,0.0,0.0,0.0,0.0,0.0,0.0,0.0,0.0
16.5,2.0,0.0,0.0,0.0,0.0,0.0,0.0,0.0,0.0
16.5,3.0,0.0,0.0,0.0,0.0,0.0,0.0,0.0,0.0
16.5,4.0,0.0,0.0,0.0,0.0,0.0,0.0,0.0,0.0
16.5,5.0,0.0,0.0,0.0,0.0,0.0,0.0,0.0,0.0
16.5,6.0,0.0,0.0,0.0,0.0,0.0,0.0,0.0,0.0
16.5,7.0,0.0,0.0,0.0,0.0,0.0,0.0,0.0,0.0
16.5,8.0,0.0,0.0,0.0,0.0,0.0,0.0,0.0,0.0
16.5,9.0,0.0,0.0,0.0,0.0,0.0,0.0,0.0,0.0
16.5,10.0,0.0,0.0,0.0,0.0,0.0,0.0,0.0,0.0
16.5,11.0,0.0,0.0,0.0,0.0,0.0,0.0,0.0,0.0
16.5,12.0,0.0,0.0,0.0,0.0,0.0,0.0,0.0,0.0
16.5,13.0,0.0,0.0,0.0,0.0,0.0,0.0,0.0,0.0
16.5,14.0,0.0,0.0,0.0,0.0,0.0,0.0,0.0,0.0
16.5,15.0,0.0,0.0,0.0,0.0,0.0,0.0,0.0,0.0
16.5,16.0,0.0,0.0,0.0,0.0,0.0,0.0,0.0,0.0
16.5,17.0,0.0,0.0,0.0,0.0,0.0,0.0,0.0,0.0
16.5,18.0,0.0,0.0,0.0,0.0,0.0,0.0,0.0,0.0
16.5,19.0,0.0,0.0,0.0,0.0,0.0,0.0,0.0,0.0
16.5,20.0,0.0,0.0,0.0,0.0,0.0,0.0,0.0,0.0
16.5,21.0,0.0,0.0,0.0,0.0,0.0,0.0,0.0,0.0
16.5,22.0,0.0,0.0,0.0,0.0,0.0,0.0,0.0,0.0
16.5,23.0,0.0,0.0,0.0,0.0,0.0,0.0,0.0,0.0
16.5,24.0,0.0,0.0,0.0,0.0,0.0,0.0,0.0,0.0
16.5,25.0,0.0,0.0,0.0,0.0,0.0,0.0,0.0,0.0
16.583334,0.0,0.0,0.0,0.0,0.0,0.0,0.0,0.0,0.0
16.583334,1.0,0.0,0.0,0.0,0.0,0.0,0.0,0.0,0.0
16.583334,2.0,0.0,0.0,0.0,0.0,0.0,0.0,0.0,0.0
16.583334,3.0,0.0,0.0,0.0,0.0,0.0,0.0,0.0,0.0
16.583334,4.0,0.0,0.0,0.0,0.0,0.0,0.0,0.0,0.0
16.583334,5.0,0.0,0.0,0.0,0.0,0.0,0.0,0.0,0.0
16.583334,6.0,0.0,0.0,0.0,0.0,0.0,0.0,0.0,0.0
16.583334,7.0,0.0,0.0,0.0,0.0,0.0,0.0,0.0,0.0
16.583334,8.0,0.0,0.0,0.0,0.0,0.0,0.0,0.0,0.0
16.583334,9.0,0.0,0.0,0.0,0.0,0.0,0.0,0.0,0.0
16.583334,10.0,0.0,0.0,0.0,0.0,0.0,0.0,0.0,0.0
16.583334,11.0,0.0,0.0,0.0,0.0,0.0,0.0,0.0,0.0
16.583334,12.0,0.0,0.0,0.0,0.0,0.0,0.0,0.0,0.0
16.583334,13.0,0.0,0.0,0.0,0.0,0.0,0.0,0.0,0.0
16.583334,14.0,0.0,0.0,0.0,0.0,0.0,0.0,0.0,0.0
16.583334,15.0,0.0,0.0,0.0,0.0,0.0,0.0,0.0,0.0
16.583334,16.0,0.0,0.0,0.0,0.0,0.0,0.0,0.0,0.0
16.583334,17.0,0.0,0.0,0.0,0.0,0.0,0.0,0.0,0.0
16.583334,18.0,0.0,0.0,0.0,0.0,0.0,0.0,0.0,0.0
16.583334,19.0,0.0,0.0,0.0,0.0,0.0,0.0,0.0,0.0
16.583334,20.0,0.0,0.0,0.0,0.0,0.0,0.0,0.0,0.0
16.583334,21.0,0.0,0.0,0.0,0.0,0.0,0.0,0.0,0.0
16.583334,22.0,0.0,0.0,0.0,0.0,0.0,0.0,0.0,0.0
16.583334,23.0,0.0,0.0,0.0,0.0,0.0,0.0,0.0,0.0
16.583334,24.0,0.0,0.0,0.0,0.0,0.0,0.0,0.0,0.0
16.583334,25.0,0.0,0.0,0.0,0.0,0.0,0.0,0.0,0.0
16.666666,0.0,0.0,0.0,0.0,0.0,0.0,0.0,0.0,0.0
16.666666,1.0,0.0,0.0,0.0,0.0,0.0,0.0,0.0,0.0
16.666666,2.0,0.0,0.0,0.0,0.0,0.0,0.0,0.0,0.0
16.666666,3.0,0.0,0.0,0.0,0.0,0.0,0.0,0.0,0.0
16.666666,4.0,0.0,0.0,0.0,0.0,0.0,0.0,0.0,0.0
16.666666,5.0,0.0,0.0,0.0,0.0,0.0,0.0,0.0,0.0
16.666666,6.0,0.0,0.0,0.0,0.0,0.0,0.0,0.0,0.0
16.666666,7.0,0.0,0.0,0.0,0.0,0.0,0.0,0.0,0.0
16.666666,8.0,0.0,0.0,0.0,0.0,0.0,0.0,0.0,0.0
16.666666,9.0,0.0,0.0,0.0,0.0,0.0,0.0,0.0,0.0
16.666666,10.0,0.0,0.0,0.0,0.0,0.0,0.0,0.0,0.0
16.666666,11.0,0.0,0.0,0.0,0.0,0.0,0.0,0.0,0.0
16.666666,12.0,0.0,0.0,0.0,0.0,0.0,0.0,0.0,0.0
16.666666,13.0,0.0,0.0,0.0,0.0,0.0,0.0,0.0,0.0
16.666666,14.0,0.0,0.0,0.0,0.0,0.0,0.0,0.0,0.0
16.666666,15.0,0.0,0.0,0.0,0.0,0.0,0.0,0.0,0.0
16.666666,16.0,0.0,0.0,0.0,0.0,0.0,0.0,0.0,0.0
16.666666,17.0,0.0,0.0,0.0,0.0,0.0,0.0,0.0,0.0
16.666666,18.0,0.0,0.0,0.0,0.0,0.0,0.0,0.0,0.0
16.666666,19.0,0.0,0.0,0.0,0.0,0.0,0.0,0.0,0.0
16.666666,20.0,0.0,0.0,0.0,0.0,0.0,0.0,0.0,0.0
16.666666,21.0,0.0,0.0,0.0,0.0,0.0,0.0,0.0,0.0
16.666666,22.0,0.0,0.0,0.0,0.0,0.0,0.0,0.0,0.0
16.666666,23.0,0.0,0.0,0.0,0.0,0.0,0.0,0.0,0.0
16.666666,24.0,0.0,0.0,0.0,0.0,0.0,0.0,0.0,0.0
16.666666,25.0,0.0,0.0,0.0,0.0,0.0,0.0,0.0,0.0
16.75,0.0,0.0,0.0,0.0,0.0,0.0,0.0,0.0,0.0
16.75,1.0,0.0,0.0,0.0,0.0,0.0,0.0,0.0,0.0
16.75,2.0,0.0,0.0,0.0,0.0,0.0,0.0,0.0,0.0
16.75,3.0,0.0,0.0,0.0,0.0,0.0,0.0,0.0,0.0
16.75,4.0,0.0,0.0,0.0,0.0,0.0,0.0,0.0,0.0
16.75,5.0,0.0,0.0,0.0,0.0,0.0,0.0,0.0,0.0
16.75,6.0,0.0,0.0,0.0,0.0,0.0,0.0,0.0,0.0
16.75,7.0,0.0,0.0,0.0,0.0,0.0,0.0,0.0,0.0
16.75,8.0,0.0,0.0,0.0,0.0,0.0,0.0,0.0,0.0
16.75,9.0,0.0,0.0,0.0,0.0,0.0,0.0,0.0,0.0
16.75,10.0,0.0,0.0,0.0,0.0,0.0,0.0,0.0,0.0
16.75,11.0,0.0,0.0,0.0,0.0,0.0,0.0,0.0,0.0
16.75,12.0,0.0,0.0,0.0,0.0,0.0,0.0,0.0,0.0
16.75,13.0,0.0,0.0,0.0,0.0,0.0,0.0,0.0,0.0
16.75,14.0,0.0,0.0,0.0,0.0,0.0,0.0,0.0,0.0
16.75,15.0,0.0,0.0,0.0,0.0,0.0,0.0,0.0,0.0
16.75,16.0,0.0,0.0,0.0,0.0,0.0,0.0,0.0,0.0
16.75,17.0,0.0,0.0,0.0,0.0,0.0,0.0,0.0,0.0
16.75,18.0,0.0,0.0,0.0,0.0,0.0,0.0,0.0,0.0
16.75,19.0,0.0,0.0,0.0,0.0,0.0,0.0,0.0,0.0
16.75,20.0,0.0,0.0,0.0,0.0,0.0,0.0,0.0,0.0
16.75,21.0,0.0,0.0,0.0,0.0,0.0,0.0,0.0,0.0
16.75,22.0,0.0,0.0,0.0,0.0,0.0,0.0,0.0,0.0
16.75,23.0,0.0,0.0,0.0,0.0,0.0,0.0,0.0,0.0
16.75,24.0,0.0,0.0,0.0,0.0,0.0,0.0,0.0,0.0
16.75,25.0,0.0,0.0,0.0,0.0,0.0,0.0,0.0,0.0
16.833334,0.0,0.0,0.0,0.0,0.0,0.0,0.0,0.0,0.0
16.833334,1.0,0.0,0.0,0.0,0.0,0.0,0.0,0.0,0.0
16.833334,2.0,0.0,0.0,0.0,0.0,0.0,0.0,0.0,0.0
16.833334,3.0,0.0,0.0,0.0,0.0,0.0,0.0,0.0,0.0
16.833334,4.0,0.0,0.0,0.0,0.0,0.0,0.0,0.0,0.0
16.833334,5.0,0.0,0.0,0.0,0.0,0.0,0.0,0.0,0.0
16.833334,6.0,0.0,0.0,0.0,0.0,0.0,0.0,0.0,0.0
16.833334,7.0,0.0,0.0,0.0,0.0,0.0,0.0,0.0,0.0
16.833334,8.0,0.0,0.0,0.0,0.0,0.0,0.0,0.0,0.0
16.833334,9.0,0.0,0.0,0.0,0.0,0.0,0.0,0.0,0.0
16.833334,10.0,0.0,0.0,0.0,0.0,0.0,0.0,0.0,0.0
16.833334,11.0,0.0,0.0,0.0,0.0,0.0,0.0,0.0,0.0
16.833334,12.0,0.0,0.0,0.0,0.0,0.0,0.0,0.0,0.0
16.833334,13.0,0.0,0.0,0.0,0.0,0.0,0.0,0.0,0.0
16.833334,14.0,0.0,0.0,0.0,0.0,0.0,0.0,0.0,0.0
16.833334,15.0,0.0,0.0,0.0,0.0,0.0,0.0,0.0,0.0
16.833334,16.0,0.0,0.0,0.0,0.0,0.0,0.0,0.0,0.0
16.833334,17.0,0.0,0.0,0.0,0.0,0.0,0.0,0.0,0.0
16.833334,18.0,0.0,0.0,0.0,0.0,0.0,0.0,0.0,0.0
16.833334,19.0,0.0,0.0,0.0,0.0,0.0,0.0,0.0,0.0
16.833334,20.0,0.0,0.0,0.0,0.0,0.0,0.0,0.0,0.0
16.833334,21.0,0.0,0.0,0.0,0.0,0.0,0.0,0.0,0.0
16.833334,22.0,0.0,0.0,0.0,0.0,0.0,0.0,0.0,0.0
16.833334,23.0,0.0,0.0,0.0,0.0,0.0,0.0,0.0,0.0
16.833334,24.0,0.0,0.0,0.0,0.0,0.0,0.0,0.0,0.0
16.833334,25.0,0.0,0.0,0.0,0.0,0.0,0.0,0.0,0.0
16.916666,0.0,0.0,0.0,0.0,0.0,0.0,0.0,0.0,0.0
16.916666,1.0,0.0,0.0,0.0,0.0,0.0,0.0,0.0,0.0
16.916666,2.0,0.0,0.0,0.0,0.0,0.0,0.0,0.0,0.0
16.916666,3.0,0.0,0.0,0.0,0.0,0.0,0.0,0.0,0.0
16.916666,4.0,0.0,0.0,0.0,0.0,0.0,0.0,0.0,0.0
16.916666,5.0,0.0,0.0,0.0,0.0,0.0,0.0,0.0,0.0
16.916666,6.0,0.0,0.0,0.0,0.0,0.0,0.0,0.0,0.0
16.916666,7.0,0.0,0.0,0.0,0.0,0.0,0.0,0.0,0.0
16.916666,8.0,0.0,0.0,0.0,0.0,0.0,0.0,0.0,0.0
16.916666,9.0,0.0,0.0,0.0,0.0,0.0,0.0,0.0,0.0
16.916666,10.0,0.0,0.0,0.0,0.0,0.0,0.0,0.0,0.0
16.916666,11.0,0.0,0.0,0.0,0.0,0.0,0.0,0.0,0.0
16.916666,12.0,0.0,0.0,0.0,0.0,0.0,0.0,0.0,0.0
16.916666,13.0,0.0,0.0,0.0,0.0,0.0,0.0,0.0,0.0
16.916666,14.0,0.0,0.0,0.0,0.0,0.0,0.0,0.0,0.0
16.916666,15.0,0.0,0.0,0.0,0.0,0.0,0.0,0.0,0.0
16.916666,16.0,0.0,0.0,0.0,0.0,0.0,0.0,0.0,0.0
16.916666,17.0,0.0,0.0,0.0,0.0,0.0,0.0,0.0,0.0
16.916666,18.0,0.0,0.0,0.0,0.0,0.0,0.0,0.0,0.0
16.916666,19.0,0.0,0.0,0.0,0.0,0.0,0.0,0.0,0.0
16.916666,20.0,0.0,0.0,0.0,0.0,0.0,0.0,0.0,0.0
16.916666,21.0,0.0,0.0,0.0,0.0,0.0,0.0,0.0,0.0
16.916666,22.0,0.0,0.0,0.0,0.0,0.0,0.0,0.0,0.0
16.916666,23.0,0.0,0.0,0.0,0.0,0.0,0.0,0.0,0.0
16.916666,24.0,0.0,0.0,0.0,0.0,0.0,0.0,0.0,0.0
16.916666,25.0,0.0,0.0,0.0,0.0,0.0,0.0,0.0,0.0
17.0,0.0,0.0,0.0,0.0,0.0,0.0,0.0,0.0,0.0
17.0,1.0,0.0,0.0,0.0,0.0,0.0,0.0,0.0,0.0
17.0,2.0,0.0,0.0,0.0,0.0,0.0,0.0,0.0,0.0
17.0,3.0,0.0,0.0,0.0,0.0,0.0,0.0,0.0,0.0
17.0,4.0,0.0,0.0,0.0,0.0,0.0,0.0,0.0,0.0
17.0,5.0,0.0,0.0,0.0,0.0,0.0,0.0,0.0,0.0
17.0,6.0,0.0,0.0,0.0,0.0,0.0,0.0,0.0,0.0
17.0,7.0,0.0,0.0,0.0,0.0,0.0,0.0,0.0,0.0
17.0,8.0,0.0,0.0,0.0,0.0,0.0,0.0,0.0,0.0
17.0,9.0,0.0,0.0,0.0,0.0,0.0,0.0,0.0,0.0
17.0,10.0,0.0,0.0,0.0,0.0,0.0,0.0,0.0,0.0
17.0,11.0,0.0,0.0,0.0,0.0,0.0,0.0,0.0,0.0
17.0,12.0,0.0,0.0,0.0,0.0,0.0,0.0,0.0,0.0
17.0,13.0,0.0,0.0,0.0,0.0,0.0,0.0,0.0,0.0
17.0,14.0,0.0,0.0,0.0,0.0,0.0,0.0,0.0,0.0
17.0,15.0,0.0,0.0,0.0,0.0,0.0,0.0,0.0,0.0
17.0,16.0,0.0,0.0,0.0,0.0,0.0,0.0,0.0,0.0
17.0,17.0,0.0,0.0,0.0,0.0,0.0,0.0,0.0,0.0
17.0,18.0,0.0,0.0,0.0,0.0,0.0,0.0,0.0,0.0
17.0,19.0,0.0,0.0,0.0,0.0,0.0,0.0,0.0,0.0
17.0,20.0,0.0,0.0,0.0,0.0,0.0,0.0,0.0,0.0
17.0,21.0,0.0,0.0,0.0,0.0,0.0,0.0,0.0,0.0
17.0,22.0,0.0,0.0,0.0,0.0,0.0,0.0,0.0,0.0
17.0,23.0,0.0,0.0,0.0,0.0,0.0,0.0,0.0,0.0
17.0,24.0,0.0,0.0,0.0,0.0,0.0,0.0,0.0,0.0
17.0,25.0,0.0,0.0,0.0,0.0,0.0,0.0,0.0,0.0
17.083334,0.0,0.0,0.0,0.0,0.0,0.0,0.0,0.0,0.0
17.083334,1.0,0.0,0.0,0.0,0.0,0.0,0.0,0.0,0.0
17.083334,2.0,0.0,0.0,0.0,0.0,0.0,0.0,0.0,0.0
17.083334,3.0,0.0,0.0,0.0,0.0,0.0,0.0,0.0,0.0
17.083334,4.0,0.0,0.0,0.0,0.0,0.0,0.0,0.0,0.0
17.083334,5.0,0.0,0.0,0.0,0.0,0.0,0.0,0.0,0.0
17.083334,6.0,0.0,0.0,0.0,0.0,0.0,0.0,0.0,0.0
17.083334,7.0,0.0,0.0,0.0,0.0,0.0,0.0,0.0,0.0
17.083334,8.0,0.0,0.0,0.0,0.0,0.0,0.0,0.0,0.0
17.083334,9.0,0.0,0.0,0.0,0.0,0.0,0.0,0.0,0.0
17.083334,10.0,0.0,0.0,0.0,0.0,0.0,0.0,0.0,0.0
17.083334,11.0,0.0,0.0,0.0,0.0,0.0,0.0,0.0,0.0
17.083334,12.0,0.0,0.0,0.0,0.0,0.0,0.0,0.0,0.0
17.083334,13.0,0.0,0.0,0.0,0.0,0.0,0.0,0.0,0.0
17.083334,14.0,0.0,0.0,0.0,0.0,0.0,0.0,0.0,0.0
17.083334,15.0,0.0,0.0,0.0,0.0,0.0,0.0,0.0,0.0
17.083334,16.0,0.0,0.0,0.0,0.0,0.0,0.0,0.0,0.0
17.083334,17.0,0.0,0.0,0.0,0.0,0.0,0.0,0.0,0.0
17.083334,18.0,0.0,0.0,0.0,0.0,0.0,0.0,0.0,0.0
17.083334,19.0,0.0,0.0,0.0,0.0,0.0,0.0,0.0,0.0
17.083334,20.0,0.0,0.0,0.0,0.0,0.0,0.0,0.0,0.0
17.083334,21.0,0.0,0.0,0.0,0.0,0.0,0.0,0.0,0.0
17.083334,22.0,0.0,0.0,0.0,0.0,0.0,0.0,0.0,0.0
17.083334,23.0,0.0,0.0,0.0,0.0,0.0,0.0,0.0,0.0
17.083334,24.0,0.0,0.0,0.0,0.0,0.0,0.0,0.0,0.0
17.083334,25.0,0.0,0.0,0.0,0.0,0.0,0.0,0.0,0.0
17.166666,0.0,0.0,0.0,0.0,0.0,0.0,0.0,0.0,0.0
17.166666,1.0,0.0,0.0,0.0,0.0,0.0,0.0,0.0,0.0
17.166666,2.0,0.0,0.0,0.0,0.0,0.0,0.0,0.0,0.0
17.166666,3.0,0.0,0.0,0.0,0.0,0.0,0.0,0.0,0.0
17.166666,4.0,0.0,0.0,0.0,0.0,0.0,0.0,0.0,0.0
17.166666,5.0,0.0,0.0,0.0,0.0,0.0,0.0,0.0,0.0
17.166666,6.0,0.0,0.0,0.0,0.0,0.0,0.0,0.0,0.0
17.166666,7.0,0.0,0.0,0.0,0.0,0.0,0.0,0.0,0.0
17.166666,8.0,0.0,0.0,0.0,0.0,0.0,0.0,0.0,0.0
17.166666,9.0,0.0,0.0,0.0,0.0,0.0,0.0,0.0,0.0
17.166666,10.0,0.0,0.0,0.0,0.0,0.0,0.0,0.0,0.0
17.166666,11.0,0.0,0.0,0.0,0.0,0.0,0.0,0.0,0.0
17.166666,12.0,0.0,0.0,0.0,0.0,0.0,0.0,0.0,0.0
17.166666,13.0,0.0,0.0,0.0,0.0,0.0,0.0,0.0,0.0
17.166666,14.0,0.0,0.0,0.0,0.0,0.0,0.0,0.0,0.0
17.166666,15.0,0.0,0.0,0.0,0.0,0.0,0.0,0.0,0.0
17.166666,16.0,0.0,0.0,0.0,0.0,0.0,0.0,0.0,0.0
17.166666,17.0,0.0,0.0,0.0,0.0,0.0,0.0,0.0,0.0
17.166666,18.0,0.0,0.0,0.0,0.0,0.0,0.0,0.0,0.0
17.166666,19.0,0.0,0.0,0.0,0.0,0.0,0.0,0.0,0.0
17.166666,20.0,0.0,0.0,0.0,0.0,0.0,0.0,0.0,0.0
17.166666,21.0,0.0,0.0,0.0,0.0,0.0,0.0,0.0,0.0
17.166666,22.0,0.0,0.0,0.0,0.0,0.0,0.0,0.0,0.0
17.166666,23.0,0.0,0.0,0.0,0.0,0.0,0.0,0.0,0.0
17.166666,24.0,0.0,0.0,0.0,0.0,0.0,0.0,0.0,0.0
17.166666,25.0,0.0,0.0,0.0,0.0,0.0,0.0,0.0,0.0
17.25,0.0,0.0,0.0,0.0,0.0,0.0,0.0,0.0,0.0
17.25,1.0,0.0,0.0,0.0,0.0,0.0,0.0,0.0,0.0
17.25,2.0,0.0,0.0,0.0,0.0,0.0,0.0,0.0,0.0
17.25,3.0,0.0,0.0,0.0,0.0,0.0,0.0,0.0,0.0
17.25,4.0,0.0,0.0,0.0,0.0,0.0,0.0,0.0,0.0
17.25,5.0,0.0,0.0,0.0,0.0,0.0,0.0,0.0,0.0
17.25,6.0,0.0,0.0,0.0,0.0,0.0,0.0,0.0,0.0
17.25,7.0,0.0,0.0,0.0,0.0,0.0,0.0,0.0,0.0
17.25,8.0,0.0,0.0,0.0,0.0,0.0,0.0,0.0,0.0
17.25,9.0,0.0,0.0,0.0,0.0,0.0,0.0,0.0,0.0
17.25,10.0,0.0,0.0,0.0,0.0,0.0,0.0,0.0,0.0
17.25,11.0,0.0,0.0,0.0,0.0,0.0,0.0,0.0,0.0
17.25,12.0,0.0,0.0,0.0,0.0,0.0,0.0,0.0,0.0
17.25,13.0,0.0,0.0,0.0,0.0,0.0,0.0,0.0,0.0
17.25,14.0,0.0,0.0,0.0,0.0,0.0,0.0,0.0,0.0
17.25,15.0,0.0,0.0,0.0,0.0,0.0,0.0,0.0,0.0
17.25,16.0,0.0,0.0,0.0,0.0,0.0,0.0,0.0,0.0
17.25,17.0,0.0,0.0,0.0,0.0,0.0,0.0,0.0,0.0
17.25,18.0,0.0,0.0,0.0,0.0,0.0,0.0,0.0,0.0
17.25,19.0,0.0,0.0,0.0,0.0,0.0,0.0,0.0,0.0
17.25,20.0,0.0,0.0,0.0,0.0,0.0,0.0,0.0,0.0
17.25,21.0,0.0,0.0,0.0,0.0,0.0,0.0,0.0,0.0
17.25,22.0,0.0,0.0,0.0,0.0,0.0,0.0,0.0,0.0
17.25,23.0,0.0,0.0,0.0,0.0,0.0,0.0,0.0,0.0
17.25,24.0,0.0,0.0,0.0,0.0,0.0,0.0,0.0,0.0
17.25,25.0,0.0,0.0,0.0,0.0,0.0,0.0,0.0,0.0
17.333334,0.0,0.0,0.0,0.0,0.0,0.0,0.0,0.0,0.0
17.333334,1.0,0.0,0.0,0.0,0.0,0.0,0.0,0.0,0.0
17.333334,2.0,0.0,0.0,0.0,0.0,0.0,0.0,0.0,0.0
17.333334,3.0,0.0,0.0,0.0,0.0,0.0,0.0,0.0,0.0
17.333334,4.0,0.0,0.0,0.0,0.0,0.0,0.0,0.0,0.0
17.333334,5.0,0.0,0.0,0.0,0.0,0.0,0.0,0.0,0.0
17.333334,6.0,0.0,0.0,0.0,0.0,0.0,0.0,0.0,0.0
17.333334,7.0,0.0,0.0,0.0,0.0,0.0,0.0,0.0,0.0
17.333334,8.0,0.0,0.0,0.0,0.0,0.0,0.0,0.0,0.0
17.333334,9.0,0.0,0.0,0.0,0.0,0.0,0.0,0.0,0.0
17.333334,10.0,0.0,0.0,0.0,0.0,0.0,0.0,0.0,0.0
17.333334,11.0,0.0,0.0,0.0,0.0,0.0,0.0,0.0,0.0
17.333334,12.0,0.0,0.0,0.0,0.0,0.0,0.0,0.0,0.0
17.333334,13.0,0.0,0.0,0.0,0.0,0.0,0.0,0.0,0.0
17.333334,14.0,0.0,0.0,0.0,0.0,0.0,0.0,0.0,0.0
17.333334,15.0,0.0,0.0,0.0,0.0,0.0,0.0,0.0,0.0
17.333334,16.0,0.0,0.0,0.0,0.0,0.0,0.0,0.0,0.0
17.333334,17.0,0.0,0.0,0.0,0.0,0.0,0.0,0.0,0.0
17.333334,18.0,0.0,0.0,0.0,0.0,0.0,0.0,0.0,0.0
17.333334,19.0,0.0,0.0,0.0,0.0,0.0,0.0,0.0,0.0
17.333334,20.0,0.0,0.0,0.0,0.0,0.0,0.0,0.0,0.0
17.333334,21.0,0.0,0.0,0.0,0.0,0.0,0.0,0.0,0.0
17.333334,22.0,0.0,0.0,0.0,0.0,0.0,0.0,0.0,0.0
17.333334,23.0,0.0,0.0,0.0,0.0,0.0,0.0,0.0,0.0
17.333334,24.0,0.0,0.0,0.0,0.0,0.0,0.0,0.0,0.0
17.333334,25.0,0.0,0.0,0.0,0.0,0.0,0.0,0.0,0.0
17.416666,0.0,0.0,0.0,0.0,0.0,0.0,0.0,0.0,0.0
17.416666,1.0,0.0,0.0,0.0,0.0,0.0,0.0,0.0,0.0
17.416666,2.0,0.0,0.0,0.0,0.0,0.0,0.0,0.0,0.0
17.416666,3.0,0.0,0.0,0.0,0.0,0.0,0.0,0.0,0.0
17.416666,4.0,0.0,0.0,0.0,0.0,0.0,0.0,0.0,0.0
17.416666,5.0,0.0,0.0,0.0,0.0,0.0,0.0,0.0,0.0
17.416666,6.0,0.0,0.0,0.0,0.0,0.0,0.0,0.0,0.0
17.416666,7.0,0.0,0.0,0.0,0.0,0.0,0.0,0.0,0.0
17.416666,8.0,0.0,0.0,0.0,0.0,0.0,0.0,0.0,0.0
17.416666,9.0,0.0,0.0,0.0,0.0,0.0,0.0,0.0,0.0
17.416666,10.0,0.0,0.0,0.0,0.0,0.0,0.0,0.0,0.0
17.416666,11.0,0.0,0.0,0.0,0.0,0.0,0.0,0.0,0.0
17.416666,12.0,0.0,0.0,0.0,0.0,0.0,0.0,0.0,0.0
17.416666,13.0,0.0,0.0,0.0,0.0,0.0,0.0,0.0,0.0
17.416666,14.0,0.0,0.0,0.0,0.0,0.0,0.0,0.0,0.0
17.416666,15.0,0.0,0.0,0.0,0.0,0.0,0.0,0.0,0.0
17.416666,16.0,0.0,0.0,0.0,0.0,0.0,0.0,0.0,0.0
17.416666,17.0,0.0,0.0,0.0,0.0,0.0,0.0,0.0,0.0
17.416666,18.0,0.0,0.0,0.0,0.0,0.0,0.0,0.0,0.0
17.416666,19.0,0.0,0.0,0.0,0.0,0.0,0.0,0.0,0.0
17.416666,20.0,0.0,0.0,0.0,0.0,0.0,0.0,0.0,0.0
17.416666,21.0,0.0,0.0,0.0,0.0,0.0,0.0,0.0,0.0
17.416666,22.0,0.0,0.0,0.0,0.0,0.0,0.0,0.0,0.0
17.416666,23.0,0.0,0.0,0.0,0.0,0.0,0.0,0.0,0.0
17.416666,24.0,0.0,0.0,0.0,0.0,0.0,0.0,0.0,0.0
17.416666,25.0,0.0,0.0,0.0,0.0,0.0,0.0,0.0,0.0
17.5,0.0,0.0,0.0,0.0,0.0,0.0,0.0,0.0,0.0
17.5,1.0,0.0,0.0,0.0,0.0,0.0,0.0,0.0,0.0
17.5,2.0,0.0,0.0,0.0,0.0,0.0,0.0,0.0,0.0
17.5,3.0,0.0,0.0,0.0,0.0,0.0,0.0,0.0,0.0
17.5,4.0,0.0,0.0,0.0,0.0,0.0,0.0,0.0,0.0
17.5,5.0,0.0,0.0,0.0,0.0,0.0,0.0,0.0,0.0
17.5,6.0,0.0,0.0,0.0,0.0,0.0,0.0,0.0,0.0
17.5,7.0,0.0,0.0,0.0,0.0,0.0,0.0,0.0,0.0
17.5,8.0,0.0,0.0,0.0,0.0,0.0,0.0,0.0,0.0
17.5,9.0,0.0,0.0,0.0,0.0,0.0,0.0,0.0,0.0
17.5,10.0,0.0,0.0,0.0,0.0,0.0,0.0,0.0,0.0
17.5,11.0,0.0,0.0,0.0,0.0,0.0,0.0,0.0,0.0
17.5,12.0,0.0,0.0,0.0,0.0,0.0,0.0,0.0,0.0
17.5,13.0,0.0,0.0,0.0,0.0,0.0,0.0,0.0,0.0
17.5,14.0,0.0,0.0,0.0,0.0,0.0,0.0,0.0,0.0
17.5,15.0,0.0,0.0,0.0,0.0,0.0,0.0,0.0,0.0
17.5,16.0,0.0,0.0,0.0,0.0,0.0,0.0,0.0,0.0
17.5,17.0,0.0,0.0,0.0,0.0,0.0,0.0,0.0,0.0
17.5,18.0,0.0,0.0,0.0,0.0,0.0,0.0,0.0,0.0
17.5,19.0,0.0,0.0,0.0,0.0,0.0,0.0,0.0,0.0
17.5,20.0,0.0,0.0,0.0,0.0,0.0,0.0,0.0,0.0
17.5,21.0,0.0,0.0,0.0,0.0,0.0,0.0,0.0,0.0
17.5,22.0,0.0,0.0,0.0,0.0,0.0,0.0,0.0,0.0
17.5,23.0,0.0,0.0,0.0,0.0,0.0,0.0,0.0,0.0
17.5,24.0,0.0,0.0,0.0,0.0,0.0,0.0,0.0,0.0
17.5,25.0,0.0,0.0,0.0,0.0,0.0,0.0,0.0,0.0
17.583334,0.0,0.0,0.0,0.0,0.0,0.0,0.0,0.0,0.0
17.583334,1.0,0.0,0.0,0.0,0.0,0.0,0.0,0.0,0.0
17.583334,2.0,0.0,0.0,0.0,0.0,0.0,0.0,0.0,0.0
17.583334,3.0,0.0,0.0,0.0,0.0,0.0,0.0,0.0,0.0
17.583334,4.0,0.0,0.0,0.0,0.0,0.0,0.0,0.0,0.0
17.583334,5.0,0.0,0.0,0.0,0.0,0.0,0.0,0.0,0.0
17.583334,6.0,0.0,0.0,0.0,0.0,0.0,0.0,0.0,0.0
17.583334,7.0,0.0,0.0,0.0,0.0,0.0,0.0,0.0,0.0
17.583334,8.0,0.0,0.0,0.0,0.0,0.0,0.0,0.0,0.0
17.583334,9.0,0.0,0.0,0.0,0.0,0.0,0.0,0.0,0.0
17.583334,10.0,0.0,0.0,0.0,0.0,0.0,0.0,0.0,0.0
17.583334,11.0,0.0,0.0,0.0,0.0,0.0,0.0,0.0,0.0
17.583334,12.0,0.0,0.0,0.0,0.0,0.0,0.0,0.0,0.0
17.583334,13.0,0.0,0.0,0.0,0.0,0.0,0.0,0.0,0.0
17.583334,14.0,0.0,0.0,0.0,0.0,0.0,0.0,0.0,0.0
17.583334,15.0,0.0,0.0,0.0,0.0,0.0,0.0,0.0,0.0
17.583334,16.0,0.0,0.0,0.0,0.0,0.0,0.0,0.0,0.0
17.583334,17.0,0.0,0.0,0.0,0.0,0.0,0.0,0.0,0.0
17.583334,18.0,0.0,0.0,0.0,0.0,0.0,0.0,0.0,0.0
17.583334,19.0,0.0,0.0,0.0,0.0,0.0,0.0,0.0,0.0
17.583334,20.0,0.0,0.0,0.0,0.0,0.0,0.0,0.0,0.0
17.583334,21.0,0.0,0.0,0.0,0.0,0.0,0.0,0.0,0.0
17.583334,22.0,0.0,0.0,0.0,0.0,0.0,0.0,0.0,0.0
17.583334,23.0,0.0,0.0,0.0,0.0,0.0,0.0,0.0,0.0
17.583334,24.0,0.0,0.0,0.0,0.0,0.0,0.0,0.0,0.0
17.583334,25.0,0.0,0.0,0.0,0.0,0.0,0.0,0.0,0.0
17.666666,0.0,0.0,0.0,0.0,0.0,0.0,0.0,0.0,0.0
17.666666,1.0,0.0,0.0,0.0,0.0,0.0,0.0,0.0,0.0
17.666666,2.0,0.0,0.0,0.0,0.0,0.0,0.0,0.0,0.0
17.666666,3.0,0.0,0.0,0.0,0.0,0.0,0.0,0.0,0.0
17.666666,4.0,0.0,0.0,0.0,0.0,0.0,0.0,0.0,0.0
17.666666,5.0,0.0,0.0,0.0,0.0,0.0,0.0,0.0,0.0
17.666666,6.0,0.0,0.0,0.0,0.0,0.0,0.0,0.0,0.0
17.666666,7.0,0.0,0.0,0.0,0.0,0.0,0.0,0.0,0.0
17.666666,8.0,0.0,0.0,0.0,0.0,0.0,0.0,0.0,0.0
17.666666,9.0,0.0,0.0,0.0,0.0,0.0,0.0,0.0,0.0
17.666666,10.0,0.0,0.0,0.0,0.0,0.0,0.0,0.0,0.0
17.666666,11.0,0.0,0.0,0.0,0.0,0.0,0.0,0.0,0.0
17.666666,12.0,0.0,0.0,0.0,0.0,0.0,0.0,0.0,0.0
17.666666,13.0,0.0,0.0,0.0,0.0,0.0,0.0,0.0,0.0
17.666666,14.0,0.0,0.0,0.0,0.0,0.0,0.0,0.0,0.0
17.666666,15.0,0.0,0.0,0.0,0.0,0.0,0.0,0.0,0.0
17.666666,16.0,0.0,0.0,0.0,0.0,0.0,0.0,0.0,0.0
17.666666,17.0,0.0,0.0,0.0,0.0,0.0,0.0,0.0,0.0
17.666666,18.0,0.0,0.0,0.0,0.0,0.0,0.0,0.0,0.0
17.666666,19.0,0.0,0.0,0.0,0.0,0.0,0.0,0.0,0.0
17.666666,20.0,0.0,0.0,0.0,0.0,0.0,0.0,0.0,0.0
17.666666,21.0,0.0,0.0,0.0,0.0,0.0,0.0,0.0,0.0
17.666666,22.0,0.0,0.0,0.0,0.0,0.0,0.0,0.0,0.0
17.666666,23.0,0.0,0.0,0.0,0.0,0.0,0.0,0.0,0.0
17.666666,24.0,0.0,0.0,0.0,0.0,0.0,0.0,0.0,0.0
17.666666,25.0,0.0,0.0,0.0,0.0,0.0,0.0,0.0,0.0
17.75,0.0,0.0,0.0,0.0,0.0,0.0,0.0,0.0,0.0
17.75,1.0,0.0,0.0,0.0,0.0,0.0,0.0,0.0,0.0
17.75,2.0,0.0,0.0,0.0,0.0,0.0,0.0,0.0,0.0
17.75,3.0,0.0,0.0,0.0,0.0,0.0,0.0,0.0,0.0
17.75,4.0,0.0,0.0,0.0,0.0,0.0,0.0,0.0,0.0
17.75,5.0,0.0,0.0,0.0,0.0,0.0,0.0,0.0,0.0
17.75,6.0,0.0,0.0,0.0,0.0,0.0,0.0,0.0,0.0
17.75,7.0,0.0,0.0,0.0,0.0,0.0,0.0,0.0,0.0
17.75,8.0,0.0,0.0,0.0,0.0,0.0,0.0,0.0,0.0
17.75,9.0,0.0,0.0,0.0,0.0,0.0,0.0,0.0,0.0
17.75,10.0,0.0,0.0,0.0,0.0,0.0,0.0,0.0,0.0
17.75,11.0,0.0,0.0,0.0,0.0,0.0,0.0,0.0,0.0
17.75,12.0,0.0,0.0,0.0,0.0,0.0,0.0,0.0,0.0
17.75,13.0,0.0,0.0,0.0,0.0,0.0,0.0,0.0,0.0
17.75,14.0,0.0,0.0,0.0,0.0,0.0,0.0,0.0,0.0
17.75,15.0,0.0,0.0,0.0,0.0,0.0,0.0,0.0,0.0
17.75,16.0,0.0,0.0,0.0,0.0,0.0,0.0,0.0,0.0
17.75,17.0,0.0,0.0,0.0,0.0,0.0,0.0,0.0,0.0
17.75,18.0,0.0,0.0,0.0,0.0,0.0,0.0,0.0,0.0
17.75,19.0,0.0,0.0,0.0,0.0,0.0,0.0,0.0,0.0
17.75,20.0,0.0,0.0,0.0,0.0,0.0,0.0,0.0,0.0
17.75,21.0,0.0,0.0,0.0,0.0,0.0,0.0,0.0,0.0
17.75,22.0,0.0,0.0,0.0,0.0,0.0,0.0,0.0,0.0
17.75,23.0,0.0,0.0,0.0,0.0,0.0,0.0,0.0,0.0
17.75,24.0,0.0,0.0,0.0,0.0,0.0,0.0,0.0,0.0
17.75,25.0,0.0,0.0,0.0,0.0,0.0,0.0,0.0,0.0
17.833334,0.0,0.0,0.0,0.0,0.0,0.0,0.0,0.0,0.0
17.833334,1.0,0.0,0.0,0.0,0.0,0.0,0.0,0.0,0.0
17.833334,2.0,0.0,0.0,0.0,0.0,0.0,0.0,0.0,0.0
17.833334,3.0,0.0,0.0,0.0,0.0,0.0,0.0,0.0,0.0
17.833334,4.0,0.0,0.0,0.0,0.0,0.0,0.0,0.0,0.0
17.833334,5.0,0.0,0.0,0.0,0.0,0.0,0.0,0.0,0.0
17.833334,6.0,0.0,0.0,0.0,0.0,0.0,0.0,0.0,0.0
17.833334,7.0,0.0,0.0,0.0,0.0,0.0,0.0,0.0,0.0
17.833334,8.0,0.0,0.0,0.0,0.0,0.0,0.0,0.0,0.0
17.833334,9.0,0.0,0.0,0.0,0.0,0.0,0.0,0.0,0.0
17.833334,10.0,0.0,0.0,0.0,0.0,0.0,0.0,0.0,0.0
17.833334,11.0,0.0,0.0,0.0,0.0,0.0,0.0,0.0,0.0
17.833334,12.0,0.0,0.0,0.0,0.0,0.0,0.0,0.0,0.0
17.833334,13.0,0.0,0.0,0.0,0.0,0.0,0.0,0.0,0.0
17.833334,14.0,0.0,0.0,0.0,0.0,0.0,0.0,0.0,0.0
17.833334,15.0,0.0,0.0,0.0,0.0,0.0,0.0,0.0,0.0
17.833334,16.0,0.0,0.0,0.0,0.0,0.0,0.0,0.0,0.0
17.833334,17.0,0.0,0.0,0.0,0.0,0.0,0.0,0.0,0.0
17.833334,18.0,0.0,0.0,0.0,0.0,0.0,0.0,0.0,0.0
17.833334,19.0,0.0,0.0,0.0,0.0,0.0,0.0,0.0,0.0
17.833334,20.0,0.0,0.0,0.0,0.0,0.0,0.0,0.0,0.0
17.833334,21.0,0.0,0.0,0.0,0.0,0.0,0.0,0.0,0.0
17.833334,22.0,0.0,0.0,0.0,0.0,0.0,0.0,0.0,0.0
17.833334,23.0,0.0,0.0,0.0,0.0,0.0,0.0,0.0,0.0
17.833334,24.0,0.0,0.0,0.0,0.0,0.0,0.0,0.0,0.0
17.833334,25.0,0.0,0.0,0.0,0.0,0.0,0.0,0.0,0.0
17.916666,0.0,0.0,0.0,0.0,0.0,0.0,0.0,0.0,0.0
17.916666,1.0,0.0,0.0,0.0,0.0,0.0,0.0,0.0,0.0
17.916666,2.0,0.0,0.0,0.0,0.0,0.0,0.0,0.0,0.0
17.916666,3.0,0.0,0.0,0.0,0.0,0.0,0.0,0.0,0.0
17.916666,4.0,0.0,0.0,0.0,0.0,0.0,0.0,0.0,0.0
17.916666,5.0,0.0,0.0,0.0,0.0,0.0,0.0,0.0,0.0
17.916666,6.0,0.0,0.0,0.0,0.0,0.0,0.0,0.0,0.0
17.916666,7.0,0.0,0.0,0.0,0.0,0.0,0.0,0.0,0.0
17.916666,8.0,0.0,0.0,0.0,0.0,0.0,0.0,0.0,0.0
17.916666,9.0,0.0,0.0,0.0,0.0,0.0,0.0,0.0,0.0
17.916666,10.0,0.0,0.0,0.0,0.0,0.0,0.0,0.0,0.0
17.916666,11.0,0.0,0.0,0.0,0.0,0.0,0.0,0.0,0.0
17.916666,12.0,0.0,0.0,0.0,0.0,0.0,0.0,0.0,0.0
17.916666,13.0,0.0,0.0,0.0,0.0,0.0,0.0,0.0,0.0
17.916666,14.0,0.0,0.0,0.0,0.0,0.0,0.0,0.0,0.0
17.916666,15.0,0.0,0.0,0.0,0.0,0.0,0.0,0.0,0.0
17.916666,16.0,0.0,0.0,0.0,0.0,0.0,0.0,0.0,0.0
17.916666,17.0,0.0,0.0,0.0,0.0,0.0,0.0,0.0,0.0
17.916666,18.0,0.0,0.0,0.0,0.0,0.0,0.0,0.0,0.0
17.916666,19.0,0.0,0.0,0.0,0.0,0.0,0.0,0.0,0.0
17.916666,20.0,0.0,0.0,0.0,0.0,0.0,0.0,0.0,0.0
17.916666,21.0,0.0,0.0,0.0,0.0,0.0,0.0,0.0,0.0
17.916666,22.0,0.0,0.0,0.0,0.0,0.0,0.0,0.0,0.0
17.916666,23.0,0.0,0.0,0.0,0.0,0.0,0.0,0.0,0.0
17.916666,24.0,0.0,0.0,0.0,0.0,0.0,0.0,0.0,0.0
17.916666,25.0,0.0,0.0,0.0,0.0,0.0,0.0,0.0,0.0
18.0,0.0,0.0,0.0,0.0,0.0,0.0,0.0,0.0,0.0
18.0,1.0,0.0,0.0,0.0,0.0,0.0,0.0,0.0,0.0
18.0,2.0,0.0,0.0,0.0,0.0,0.0,0.0,0.0,0.0
18.0,3.0,0.0,0.0,0.0,0.0,0.0,0.0,0.0,0.0
18.0,4.0,0.0,0.0,0.0,0.0,0.0,0.0,0.0,0.0
18.0,5.0,0.0,0.0,0.0,0.0,0.0,0.0,0.0,0.0
18.0,6.0,0.0,0.0,0.0,0.0,0.0,0.0,0.0,0.0
18.0,7.0,0.0,0.0,0.0,0.0,0.0,0.0,0.0,0.0
18.0,8.0,0.0,0.0,0.0,0.0,0.0,0.0,0.0,0.0
18.0,9.0,0.0,0.0,0.0,0.0,0.0,0.0,0.0,0.0
18.0,10.0,0.0,0.0,0.0,0.0,0.0,0.0,0.0,0.0
18.0,11.0,0.0,0.0,0.0,0.0,0.0,0.0,0.0,0.0
18.0,12.0,0.0,0.0,0.0,0.0,0.0,0.0,0.0,0.0
18.0,13.0,0.0,0.0,0.0,0.0,0.0,0.0,0.0,0.0
18.0,14.0,0.0,0.0,0.0,0.0,0.0,0.0,0.0,0.0
18.0,15.0,0.0,0.0,0.0,0.0,0.0,0.0,0.0,0.0
18.0,16.0,0.0,0.0,0.0,0.0,0.0,0.0,0.0,0.0
18.0,17.0,0.0,0.0,0.0,0.0,0.0,0.0,0.0,0.0
18.0,18.0,0.0,0.0,0.0,0.0,0.0,0.0,0.0,0.0
18.0,19.0,0.0,0.0,0.0,0.0,0.0,0.0,0.0,0.0
18.0,20.0,0.0,0.0,0.0,0.0,0.0,0.0,0.0,0.0
18.0,21.0,0.0,0.0,0.0,0.0,0.0,0.0,0.0,0.0
18.0,22.0,0.0,0.0,0.0,0.0,0.0,0.0,0.0,0.0
18.0,23.0,0.0,0.0,0.0,0.0,0.0,0.0,0.0,0.0
18.0,24.0,0.0,0.0,0.0,0.0,0.0,0.0,0.0,0.0
18.0,25.0,0.0,0.0,0.0,0.0,0.0,0.0,0.0,0.0
18.083334,0.0,0.0,0.0,0.0,0.0,0.0,0.0,0.0,0.0
18.083334,1.0,0.0,0.0,0.0,0.0,0.0,0.0,0.0,0.0
18.083334,2.0,0.0,0.0,0.0,0.0,0.0,0.0,0.0,0.0
18.083334,3.0,0.0,0.0,0.0,0.0,0.0,0.0,0.0,0.0
18.083334,4.0,0.0,0.0,0.0,0.0,0.0,0.0,0.0,0.0
18.083334,5.0,0.0,0.0,0.0,0.0,0.0,0.0,0.0,0.0
18.083334,6.0,0.0,0.0,0.0,0.0,0.0,0.0,0.0,0.0
18.083334,7.0,0.0,0.0,0.0,0.0,0.0,0.0,0.0,0.0
18.083334,8.0,0.0,0.0,0.0,0.0,0.0,0.0,0.0,0.0
18.083334,9.0,0.0,0.0,0.0,0.0,0.0,0.0,0.0,0.0
18.083334,10.0,0.0,0.0,0.0,0.0,0.0,0.0,0.0,0.0
18.083334,11.0,0.0,0.0,0.0,0.0,0.0,0.0,0.0,0.0
18.083334,12.0,0.0,0.0,0.0,0.0,0.0,0.0,0.0,0.0
18.083334,13.0,0.0,0.0,0.0,0.0,0.0,0.0,0.0,0.0
18.083334,14.0,0.0,0.0,0.0,0.0,0.0,0.0,0.0,0.0
18.083334,15.0,0.0,0.0,0.0,0.0,0.0,0.0,0.0,0.0
18.083334,16.0,0.0,0.0,0.0,0.0,0.0,0.0,0.0,0.0
18.083334,17.0,0.0,0.0,0.0,0.0,0.0,0.0,0.0,0.0
18.083334,18.0,0.0,0.0,0.0,0.0,0.0,0.0,0.0,0.0
18.083334,19.0,0.0,0.0,0.0,0.0,0.0,0.0,0.0,0.0
18.083334,20.0,0.0,0.0,0.0,0.0,0.0,0.0,0.0,0.0
18.083334,21.0,0.0,0.0,0.0,0.0,0.0,0.0,0.0,0.0
18.083334,22.0,0.0,0.0,0.0,0.0,0.0,0.0,0.0,0.0
18.083334,23.0,0.0,0.0,0.0,0.0,0.0,0.0,0.0,0.0
18.083334,24.0,0.0,0.0,0.0,0.0,0.0,0.0,0.0,0.0
18.083334,25.0,0.0,0.0,0.0,0.0,0.0,0.0,0.0,0.0
18.166666,0.0,0.0,0.0,0.0,0.0,0.0,0.0,0.0,0.0
18.166666,1.0,0.0,0.0,0.0,0.0,0.0,0.0,0.0,0.0
18.166666,2.0,0.0,0.0,0.0,0.0,0.0,0.0,0.0,0.0
18.166666,3.0,0.0,0.0,0.0,0.0,0.0,0.0,0.0,0.0
18.166666,4.0,0.0,0.0,0.0,0.0,0.0,0.0,0.0,0.0
18.166666,5.0,0.0,0.0,0.0,0.0,0.0,0.0,0.0,0.0
18.166666,6.0,0.0,0.0,0.0,0.0,0.0,0.0,0.0,0.0
18.166666,7.0,0.0,0.0,0.0,0.0,0.0,0.0,0.0,0.0
18.166666,8.0,0.0,0.0,0.0,0.0,0.0,0.0,0.0,0.0
18.166666,9.0,0.0,0.0,0.0,0.0,0.0,0.0,0.0,0.0
18.166666,10.0,0.0,0.0,0.0,0.0,0.0,0.0,0.0,0.0
18.166666,11.0,0.0,0.0,0.0,0.0,0.0,0.0,0.0,0.0
18.166666,12.0,0.0,0.0,0.0,0.0,0.0,0.0,0.0,0.0
18.166666,13.0,0.0,0.0,0.0,0.0,0.0,0.0,0.0,0.0
18.166666,14.0,0.0,0.0,0.0,0.0,0.0,0.0,0.0,0.0
18.166666,15.0,0.0,0.0,0.0,0.0,0.0,0.0,0.0,0.0
18.166666,16.0,0.0,0.0,0.0,0.0,0.0,0.0,0.0,0.0
18.166666,17.0,0.0,0.0,0.0,0.0,0.0,0.0,0.0,0.0
18.166666,18.0,0.0,0.0,0.0,0.0,0.0,0.0,0.0,0.0
18.166666,19.0,0.0,0.0,0.0,0.0,0.0,0.0,0.0,0.0
18.166666,20.0,0.0,0.0,0.0,0.0,0.0,0.0,0.0,0.0
18.166666,21.0,0.0,0.0,0.0,0.0,0.0,0.0,0.0,0.0
18.166666,22.0,0.0,0.0,0.0,0.0,0.0,0.0,0.0,0.0
18.166666,23.0,0.0,0.0,0.0,0.0,0.0,0.0,0.0,0.0
18.166666,24.0,0.0,0.0,0.0,0.0,0.0,0.0,0.0,0.0
18.166666,25.0,0.0,0.0,0.0,0.0,0.0,0.0,0.0,0.0
18.25,0.0,0.0,0.0,0.0,0.0,0.0,0.0,0.0,0.0
18.25,1.0,0.0,0.0,0.0,0.0,0.0,0.0,0.0,0.0
18.25,2.0,0.0,0.0,0.0,0.0,0.0,0.0,0.0,0.0
18.25,3.0,0.0,0.0,0.0,0.0,0.0,0.0,0.0,0.0
18.25,4.0,0.0,0.0,0.0,0.0,0.0,0.0,0.0,0.0
18.25,5.0,0.0,0.0,0.0,0.0,0.0,0.0,0.0,0.0
18.25,6.0,0.0,0.0,0.0,0.0,0.0,0.0,0.0,0.0
18.25,7.0,0.0,0.0,0.0,0.0,0.0,0.0,0.0,0.0
18.25,8.0,0.0,0.0,0.0,0.0,0.0,0.0,0.0,0.0
18.25,9.0,0.0,0.0,0.0,0.0,0.0,0.0,0.0,0.0
18.25,10.0,0.0,0.0,0.0,0.0,0.0,0.0,0.0,0.0
18.25,11.0,0.0,0.0,0.0,0.0,0.0,0.0,0.0,0.0
18.25,12.0,0.0,0.0,0.0,0.0,0.0,0.0,0.0,0.0
18.25,13.0,0.0,0.0,0.0,0.0,0.0,0.0,0.0,0.0
18.25,14.0,0.0,0.0,0.0,0.0,0.0,0.0,0.0,0.0
18.25,15.0,0.0,0.0,0.0,0.0,0.0,0.0,0.0,0.0
18.25,16.0,0.0,0.0,0.0,0.0,0.0,0.0,0.0,0.0
18.25,17.0,0.0,0.0,0.0,0.0,0.0,0.0,0.0,0.0
18.25,18.0,0.0,0.0,0.0,0.0,0.0,0.0,0.0,0.0
18.25,19.0,0.0,0.0,0.0,0.0,0.0,0.0,0.0,0.0
18.25,20.0,0.0,0.0,0.0,0.0,0.0,0.0,0.0,0.0
18.25,21.0,0.0,0.0,0.0,0.0,0.0,0.0,0.0,0.0
18.25,22.0,0.0,0.0,0.0,0.0,0.0,0.0,0.0,0.0
18.25,23.0,0.0,0.0,0.0,0.0,0.0,0.0,0.0,0.0
18.25,24.0,0.0,0.0,0.0,0.0,0.0,0.0,0.0,0.0
18.25,25.0,0.0,0.0,0.0,0.0,0.0,0.0,0.0,0.0
18.333334,0.0,0.0,0.0,0.0,0.0,0.0,0.0,0.0,0.0
18.333334,1.0,0.0,0.0,0.0,0.0,0.0,0.0,0.0,0.0
18.333334,2.0,0.0,0.0,0.0,0.0,0.0,0.0,0.0,0.0
18.333334,3.0,0.0,0.0,0.0,0.0,0.0,0.0,0.0,0.0
18.333334,4.0,0.0,0.0,0.0,0.0,0.0,0.0,0.0,0.0
18.333334,5.0,0.0,0.0,0.0,0.0,0.0,0.0,0.0,0.0
18.333334,6.0,0.0,0.0,0.0,0.0,0.0,0.0,0.0,0.0
18.333334,7.0,0.0,0.0,0.0,0.0,0.0,0.0,0.0,0.0
18.333334,8.0,0.0,0.0,0.0,0.0,0.0,0.0,0.0,0.0
18.333334,9.0,0.0,0.0,0.0,0.0,0.0,0.0,0.0,0.0
18.333334,10.0,0.0,0.0,0.0,0.0,0.0,0.0,0.0,0.0
18.333334,11.0,0.0,0.0,0.0,0.0,0.0,0.0,0.0,0.0
18.333334,12.0,0.0,0.0,0.0,0.0,0.0,0.0,0.0,0.0
18.333334,13.0,0.0,0.0,0.0,0.0,0.0,0.0,0.0,0.0
18.333334,14.0,0.0,0.0,0.0,0.0,0.0,0.0,0.0,0.0
18.333334,15.0,0.0,0.0,0.0,0.0,0.0,0.0,0.0,0.0
18.333334,16.0,0.0,0.0,0.0,0.0,0.0,0.0,0.0,0.0
18.333334,17.0,0.0,0.0,0.0,0.0,0.0,0.0,0.0,0.0
18.333334,18.0,0.0,0.0,0.0,0.0,0.0,0.0,0.0,0.0
18.333334,19.0,0.0,0.0,0.0,0.0,0.0,0.0,0.0,0.0
18.333334,20.0,0.0,0.0,0.0,0.0,0.0,0.0,0.0,0.0
18.333334,21.0,0.0,0.0,0.0,0.0,0.0,0.0,0.0,0.0
18.333334,22.0,0.0,0.0,0.0,0.0,0.0,0.0,0.0,0.0
18.333334,23.0,0.0,0.0,0.0,0.0,0.0,0.0,0.0,0.0
18.333334,24.0,0.0,0.0,0.0,0.0,0.0,0.0,0.0,0.0
18.333334,25.0,0.0,0.0,0.0,0.0,0.0,0.0,0.0,0.0
18.416666,0.0,0.0,0.0,0.0,0.0,0.0,0.0,0.0,0.0
18.416666,1.0,0.0,0.0,0.0,0.0,0.0,0.0,0.0,0.0
18.416666,2.0,0.0,0.0,0.0,0.0,0.0,0.0,0.0,0.0
18.416666,3.0,0.0,0.0,0.0,0.0,0.0,0.0,0.0,0.0
18.416666,4.0,0.0,0.0,0.0,0.0,0.0,0.0,0.0,0.0
18.416666,5.0,0.0,0.0,0.0,0.0,0.0,0.0,0.0,0.0
18.416666,6.0,0.0,0.0,0.0,0.0,0.0,0.0,0.0,0.0
18.416666,7.0,0.0,0.0,0.0,0.0,0.0,0.0,0.0,0.0
18.416666,8.0,0.0,0.0,0.0,0.0,0.0,0.0,0.0,0.0
18.416666,9.0,0.0,0.0,0.0,0.0,0.0,0.0,0.0,0.0
18.416666,10.0,0.0,0.0,0.0,0.0,0.0,0.0,0.0,0.0
18.416666,11.0,0.0,0.0,0.0,0.0,0.0,0.0,0.0,0.0
18.416666,12.0,0.0,0.0,0.0,0.0,0.0,0.0,0.0,0.0
18.416666,13.0,0.0,0.0,0.0,0.0,0.0,0.0,0.0,0.0
18.416666,14.0,0.0,0.0,0.0,0.0,0.0,0.0,0.0,0.0
18.416666,15.0,0.0,0.0,0.0,0.0,0.0,0.0,0.0,0.0
18.416666,16.0,0.0,0.0,0.0,0.0,0.0,0.0,0.0,0.0
18.416666,17.0,0.0,0.0,0.0,0.0,0.0,0.0,0.0,0.0
18.416666,18.0,0.0,0.0,0.0,0.0,0.0,0.0,0.0,0.0
18.416666,19.0,0.0,0.0,0.0,0.0,0.0,0.0,0.0,0.0
18.416666,20.0,0.0,0.0,0.0,0.0,0.0,0.0,0.0,0.0
18.416666,21.0,0.0,0.0,0.0,0.0,0.0,0.0,0.0,0.0
18.416666,22.0,0.0,0.0,0.0,0.0,0.0,0.0,0.0,0.0
18.416666,23.0,0.0,0.0,0.0,0.0,0.0,0.0,0.0,0.0
18.416666,24.0,0.0,0.0,0.0,0.0,0.0,0.0,0.0,0.0
18.416666,25.0,0.0,0.0,0.0,0.0,0.0,0.0,0.0,0.0
18.5,0.0,0.0,0.0,0.0,0.0,0.0,0.0,0.0,0.0
18.5,1.0,0.0,0.0,0.0,0.0,0.0,0.0,0.0,0.0
18.5,2.0,0.0,0.0,0.0,0.0,0.0,0.0,0.0,0.0
18.5,3.0,0.0,0.0,0.0,0.0,0.0,0.0,0.0,0.0
18.5,4.0,0.0,0.0,0.0,0.0,0.0,0.0,0.0,0.0
18.5,5.0,0.0,0.0,0.0,0.0,0.0,0.0,0.0,0.0
18.5,6.0,0.0,0.0,0.0,0.0,0.0,0.0,0.0,0.0
18.5,7.0,0.0,0.0,0.0,0.0,0.0,0.0,0.0,0.0
18.5,8.0,0.0,0.0,0.0,0.0,0.0,0.0,0.0,0.0
18.5,9.0,0.0,0.0,0.0,0.0,0.0,0.0,0.0,0.0
18.5,10.0,0.0,0.0,0.0,0.0,0.0,0.0,0.0,0.0
18.5,11.0,0.0,0.0,0.0,0.0,0.0,0.0,0.0,0.0
18.5,12.0,0.0,0.0,0.0,0.0,0.0,0.0,0.0,0.0
18.5,13.0,0.0,0.0,0.0,0.0,0.0,0.0,0.0,0.0
18.5,14.0,0.0,0.0,0.0,0.0,0.0,0.0,0.0,0.0
18.5,15.0,0.0,0.0,0.0,0.0,0.0,0.0,0.0,0.0
18.5,16.0,0.0,0.0,0.0,0.0,0.0,0.0,0.0,0.0
18.5,17.0,0.0,0.0,0.0,0.0,0.0,0.0,0.0,0.0
18.5,18.0,0.0,0.0,0.0,0.0,0.0,0.0,0.0,0.0
18.5,19.0,0.0,0.0,0.0,0.0,0.0,0.0,0.0,0.0
18.5,20.0,0.0,0.0,0.0,0.0,0.0,0.0,0.0,0.0
18.5,21.0,0.0,0.0,0.0,0.0,0.0,0.0,0.0,0.0
18.5,22.0,0.0,0.0,0.0,0.0,0.0,0.0,0.0,0.0
18.5,23.0,0.0,0.0,0.0,0.0,0.0,0.0,0.0,0.0
18.5,24.0,0.0,0.0,0.0,0.0,0.0,0.0,0.0,0.0
18.5,25.0,0.0,0.0,0.0,0.0,0.0,0.0,0.0,0.0
18.583334,0.0,0.0,0.0,0.0,0.0,0.0,0.0,0.0,0.0
18.583334,1.0,0.0,0.0,0.0,0.0,0.0,0.0,0.0,0.0
18.583334,2.0,0.0,0.0,0.0,0.0,0.0,0.0,0.0,0.0
18.583334,3.0,0.0,0.0,0.0,0.0,0.0,0.0,0.0,0.0
18.583334,4.0,0.0,0.0,0.0,0.0,0.0,0.0,0.0,0.0
18.583334,5.0,0.0,0.0,0.0,0.0,0.0,0.0,0.0,0.0
18.583334,6.0,0.0,0.0,0.0,0.0,0.0,0.0,0.0,0.0
18.583334,7.0,0.0,0.0,0.0,0.0,0.0,0.0,0.0,0.0
18.583334,8.0,0.0,0.0,0.0,0.0,0.0,0.0,0.0,0.0
18.583334,9.0,0.0,0.0,0.0,0.0,0.0,0.0,0.0,0.0
18.583334,10.0,0.0,0.0,0.0,0.0,0.0,0.0,0.0,0.0
18.583334,11.0,0.0,0.0,0.0,0.0,0.0,0.0,0.0,0.0
18.583334,12.0,0.0,0.0,0.0,0.0,0.0,0.0,0.0,0.0
18.583334,13.0,0.0,0.0,0.0,0.0,0.0,0.0,0.0,0.0
18.583334,14.0,0.0,0.0,0.0,0.0,0.0,0.0,0.0,0.0
18.583334,15.0,0.0,0.0,0.0,0.0,0.0,0.0,0.0,0.0
18.583334,16.0,0.0,0.0,0.0,0.0,0.0,0.0,0.0,0.0
18.583334,17.0,0.0,0.0,0.0,0.0,0.0,0.0,0.0,0.0
18.583334,18.0,0.0,0.0,0.0,0.0,0.0,0.0,0.0,0.0
18.583334,19.0,0.0,0.0,0.0,0.0,0.0,0.0,0.0,0.0
18.583334,20.0,0.0,0.0,0.0,0.0,0.0,0.0,0.0,0.0
18.583334,21.0,0.0,0.0,0.0,0.0,0.0,0.0,0.0,0.0
18.583334,22.0,0.0,0.0,0.0,0.0,0.0,0.0,0.0,0.0
18.583334,23.0,0.0,0.0,0.0,0.0,0.0,0.0,0.0,0.0
18.583334,24.0,0.0,0.0,0.0,0.0,0.0,0.0,0.0,0.0
18.583334,25.0,0.0,0.0,0.0,0.0,0.0,0.0,0.0,0.0
18.666666,0.0,0.0,0.0,0.0,0.0,0.0,0.0,0.0,0.0
18.666666,1.0,0.0,0.0,0.0,0.0,0.0,0.0,0.0,0.0
18.666666,2.0,0.0,0.0,0.0,0.0,0.0,0.0,0.0,0.0
18.666666,3.0,0.0,0.0,0.0,0.0,0.0,0.0,0.0,0.0
18.666666,4.0,0.0,0.0,0.0,0.0,0.0,0.0,0.0,0.0
18.666666,5.0,0.0,0.0,0.0,0.0,0.0,0.0,0.0,0.0
18.666666,6.0,0.0,0.0,0.0,0.0,0.0,0.0,0.0,0.0
18.666666,7.0,0.0,0.0,0.0,0.0,0.0,0.0,0.0,0.0
18.666666,8.0,0.0,0.0,0.0,0.0,0.0,0.0,0.0,0.0
18.666666,9.0,0.0,0.0,0.0,0.0,0.0,0.0,0.0,0.0
18.666666,10.0,0.0,0.0,0.0,0.0,0.0,0.0,0.0,0.0
18.666666,11.0,0.0,0.0,0.0,0.0,0.0,0.0,0.0,0.0
18.666666,12.0,0.0,0.0,0.0,0.0,0.0,0.0,0.0,0.0
18.666666,13.0,0.0,0.0,0.0,0.0,0.0,0.0,0.0,0.0
18.666666,14.0,0.0,0.0,0.0,0.0,0.0,0.0,0.0,0.0
18.666666,15.0,0.0,0.0,0.0,0.0,0.0,0.0,0.0,0.0
18.666666,16.0,0.0,0.0,0.0,0.0,0.0,0.0,0.0,0.0
18.666666,17.0,0.0,0.0,0.0,0.0,0.0,0.0,0.0,0.0
18.666666,18.0,0.0,0.0,0.0,0.0,0.0,0.0,0.0,0.0
18.666666,19.0,0.0,0.0,0.0,0.0,0.0,0.0,0.0,0.0
18.666666,20.0,0.0,0.0,0.0,0.0,0.0,0.0,0.0,0.0
18.666666,21.0,0.0,0.0,0.0,0.0,0.0,0.0,0.0,0.0
18.666666,22.0,0.0,0.0,0.0,0.0,0.0,0.0,0.0,0.0
18.666666,23.0,0.0,0.0,0.0,0.0,0.0,0.0,0.0,0.0
18.666666,24.0,0.0,0.0,0.0,0.0,0.0,0.0,0.0,0.0
18.666666,25.0,0.0,0.0,0.0,0.0,0.0,0.0,0.0,0.0
18.75,0.0,0.0,0.0,0.0,0.0,0.0,0.0,0.0,0.0
18.75,1.0,0.0,0.0,0.0,0.0,0.0,0.0,0.0,0.0
18.75,2.0,0.0,0.0,0.0,0.0,0.0,0.0,0.0,0.0
18.75,3.0,0.0,0.0,0.0,0.0,0.0,0.0,0.0,0.0
18.75,4.0,0.0,0.0,0.0,0.0,0.0,0.0,0.0,0.0
18.75,5.0,0.0,0.0,0.0,0.0,0.0,0.0,0.0,0.0
18.75,6.0,0.0,0.0,0.0,0.0,0.0,0.0,0.0,0.0
18.75,7.0,0.0,0.0,0.0,0.0,0.0,0.0,0.0,0.0
18.75,8.0,0.0,0.0,0.0,0.0,0.0,0.0,0.0,0.0
18.75,9.0,0.0,0.0,0.0,0.0,0.0,0.0,0.0,0.0
18.75,10.0,0.0,0.0,0.0,0.0,0.0,0.0,0.0,0.0
18.75,11.0,0.0,0.0,0.0,0.0,0.0,0.0,0.0,0.0
18.75,12.0,0.0,0.0,0.0,0.0,0.0,0.0,0.0,0.0
18.75,13.0,0.0,0.0,0.0,0.0,0.0,0.0,0.0,0.0
18.75,14.0,0.0,0.0,0.0,0.0,0.0,0.0,0.0,0.0
18.75,15.0,0.0,0.0,0.0,0.0,0.0,0.0,0.0,0.0
18.75,16.0,0.0,0.0,0.0,0.0,0.0,0.0,0.0,0.0
18.75,17.0,0.0,0.0,0.0,0.0,0.0,0.0,0.0,0.0
18.75,18.0,0.0,0.0,0.0,0.0,0.0,0.0,0.0,0.0
18.75,19.0,0.0,0.0,0.0,0.0,0.0,0.0,0.0,0.0
18.75,20.0,0.0,0.0,0.0,0.0,0.0,0.0,0.0,0.0
18.75,21.0,0.0,0.0,0.0,0.0,0.0,0.0,0.0,0.0
18.75,22.0,0.0,0.0,0.0,0.0,0.0,0.0,0.0,0.0
18.75,23.0,0.0,0.0,0.0,0.0,0.0,0.0,0.0,0.0
18.75,24.0,0.0,0.0,0.0,0.0,0.0,0.0,0.0,0.0
18.75,25.0,0.0,0.0,0.0,0.0,0.0,0.0,0.0,0.0
18.833334,0.0,0.0,0.0,0.0,0.0,0.0,0.0,0.0,0.0
18.833334,1.0,0.0,0.0,0.0,0.0,0.0,0.0,0.0,0.0
18.833334,2.0,0.0,0.0,0.0,0.0,0.0,0.0,0.0,0.0
18.833334,3.0,0.0,0.0,0.0,0.0,0.0,0.0,0.0,0.0
18.833334,4.0,0.0,0.0,0.0,0.0,0.0,0.0,0.0,0.0
18.833334,5.0,0.0,0.0,0.0,0.0,0.0,0.0,0.0,0.0
18.833334,6.0,0.0,0.0,0.0,0.0,0.0,0.0,0.0,0.0
18.833334,7.0,0.0,0.0,0.0,0.0,0.0,0.0,0.0,0.0
18.833334,8.0,0.0,0.0,0.0,0.0,0.0,0.0,0.0,0.0
18.833334,9.0,0.0,0.0,0.0,0.0,0.0,0.0,0.0,0.0
18.833334,10.0,0.0,0.0,0.0,0.0,0.0,0.0,0.0,0.0
18.833334,11.0,0.0,0.0,0.0,0.0,0.0,0.0,0.0,0.0
18.833334,12.0,0.0,0.0,0.0,0.0,0.0,0.0,0.0,0.0
18.833334,13.0,0.0,0.0,0.0,0.0,0.0,0.0,0.0,0.0
18.833334,14.0,0.0,0.0,0.0,0.0,0.0,0.0,0.0,0.0
18.833334,15.0,0.0,0.0,0.0,0.0,0.0,0.0,0.0,0.0
18.833334,16.0,0.0,0.0,0.0,0.0,0.0,0.0,0.0,0.0
18.833334,17.0,0.0,0.0,0.0,0.0,0.0,0.0,0.0,0.0
18.833334,18.0,0.0,0.0,0.0,0.0,0.0,0.0,0.0,0.0
18.833334,19.0,0.0,0.0,0.0,0.0,0.0,0.0,0.0,0.0
18.833334,20.0,0.0,0.0,0.0,0.0,0.0,0.0,0.0,0.0
18.833334,21.0,0.0,0.0,0.0,0.0,0.0,0.0,0.0,0.0
18.833334,22.0,0.0,0.0,0.0,0.0,0.0,0.0,0.0,0.0
18.833334,23.0,0.0,0.0,0.0,0.0,0.0,0.0,0.0,0.0
18.833334,24.0,0.0,0.0,0.0,0.0,0.0,0.0,0.0,0.0
18.833334,25.0,0.0,0.0,0.0,0.0,0.0,0.0,0.0,0.0
18.916666,0.0,0.0,0.0,0.0,0.0,0.0,0.0,0.0,0.0
18.916666,1.0,0.0,0.0,0.0,0.0,0.0,0.0,0.0,0.0
18.916666,2.0,0.0,0.0,0.0,0.0,0.0,0.0,0.0,0.0
18.916666,3.0,0.0,0.0,0.0,0.0,0.0,0.0,0.0,0.0
18.916666,4.0,0.0,0.0,0.0,0.0,0.0,0.0,0.0,0.0
18.916666,5.0,0.0,0.0,0.0,0.0,0.0,0.0,0.0,0.0
18.916666,6.0,0.0,0.0,0.0,0.0,0.0,0.0,0.0,0.0
18.916666,7.0,0.0,0.0,0.0,0.0,0.0,0.0,0.0,0.0
18.916666,8.0,0.0,0.0,0.0,0.0,0.0,0.0,0.0,0.0
18.916666,9.0,0.0,0.0,0.0,0.0,0.0,0.0,0.0,0.0
18.916666,10.0,0.0,0.0,0.0,0.0,0.0,0.0,0.0,0.0
18.916666,11.0,0.0,0.0,0.0,0.0,0.0,0.0,0.0,0.0
18.916666,12.0,0.0,0.0,0.0,0.0,0.0,0.0,0.0,0.0
18.916666,13.0,0.0,0.0,0.0,0.0,0.0,0.0,0.0,0.0
18.916666,14.0,0.0,0.0,0.0,0.0,0.0,0.0,0.0,0.0
18.916666,15.0,0.0,0.0,0.0,0.0,0.0,0.0,0.0,0.0
18.916666,16.0,0.0,0.0,0.0,0.0,0.0,0.0,0.0,0.0
18.916666,17.0,0.0,0.0,0.0,0.0,0.0,0.0,0.0,0.0
18.916666,18.0,0.0,0.0,0.0,0.0,0.0,0.0,0.0,0.0
18.916666,19.0,0.0,0.0,0.0,0.0,0.0,0.0,0.0,0.0
18.916666,20.0,0.0,0.0,0.0,0.0,0.0,0.0,0.0,0.0
18.916666,21.0,0.0,0.0,0.0,0.0,0.0,0.0,0.0,0.0
18.916666,22.0,0.0,0.0,0.0,0.0,0.0,0.0,0.0,0.0
18.916666,23.0,0.0,0.0,0.0,0.0,0.0,0.0,0.0,0.0
18.916666,24.0,0.0,0.0,0.0,0.0,0.0,0.0,0.0,0.0
18.916666,25.0,0.0,0.0,0.0,0.0,0.0,0.0,0.0,0.0
19.0,0.0,0.0,0.0,0.0,0.0,0.0,0.0,0.0,0.0
19.0,1.0,0.0,0.0,0.0,0.0,0.0,0.0,0.0,0.0
19.0,2.0,0.0,0.0,0.0,0.0,0.0,0.0,0.0,0.0
19.0,3.0,0.0,0.0,0.0,0.0,0.0,0.0,0.0,0.0
19.0,4.0,0.0,0.0,0.0,0.0,0.0,0.0,0.0,0.0
19.0,5.0,0.0,0.0,0.0,0.0,0.0,0.0,0.0,0.0
19.0,6.0,0.0,0.0,0.0,0.0,0.0,0.0,0.0,0.0
19.0,7.0,0.0,0.0,0.0,0.0,0.0,0.0,0.0,0.0
19.0,8.0,0.0,0.0,0.0,0.0,0.0,0.0,0.0,0.0
19.0,9.0,0.0,0.0,0.0,0.0,0.0,0.0,0.0,0.0
19.0,10.0,0.0,0.0,0.0,0.0,0.0,0.0,0.0,0.0
19.0,11.0,0.0,0.0,0.0,0.0,0.0,0.0,0.0,0.0
19.0,12.0,0.0,0.0,0.0,0.0,0.0,0.0,0.0,0.0
19.0,13.0,0.0,0.0,0.0,0.0,0.0,0.0,0.0,0.0
19.0,14.0,0.0,0.0,0.0,0.0,0.0,0.0,0.0,0.0
19.0,15.0,0.0,0.0,0.0,0.0,0.0,0.0,0.0,0.0
19.0,16.0,0.0,0.0,0.0,0.0,0.0,0.0,0.0,0.0
19.0,17.0,0.0,0.0,0.0,0.0,0.0,0.0,0.0,0.0
19.0,18.0,0.0,0.0,0.0,0.0,0.0,0.0,0.0,0.0
19.0,19.0,0.0,0.0,0.0,0.0,0.0,0.0,0.0,0.0
19.0,20.0,0.0,0.0,0.0,0.0,0.0,0.0,0.0,0.0
19.0,21.0,0.0,0.0,0.0,0.0,0.0,0.0,0.0,0.0
19.0,22.0,0.0,0.0,0.0,0.0,0.0,0.0,0.0,0.0
19.0,23.0,0.0,0.0,0.0,0.0,0.0,0.0,0.0,0.0
19.0,24.0,0.0,0.0,0.0,0.0,0.0,0.0,0.0,0.0
19.0,25.0,0.0,0.0,0.0,0.0,0.0,0.0,0.0,0.0
19.083334,0.0,0.0,0.0,0.0,0.0,0.0,0.0,0.0,0.0
19.083334,1.0,0.0,0.0,0.0,0.0,0.0,0.0,0.0,0.0
19.083334,2.0,0.0,0.0,0.0,0.0,0.0,0.0,0.0,0.0
19.083334,3.0,0.0,0.0,0.0,0.0,0.0,0.0,0.0,0.0
19.083334,4.0,0.0,0.0,0.0,0.0,0.0,0.0,0.0,0.0
19.083334,5.0,0.0,0.0,0.0,0.0,0.0,0.0,0.0,0.0
19.083334,6.0,0.0,0.0,0.0,0.0,0.0,0.0,0.0,0.0
19.083334,7.0,0.0,0.0,0.0,0.0,0.0,0.0,0.0,0.0
19.083334,8.0,0.0,0.0,0.0,0.0,0.0,0.0,0.0,0.0
19.083334,9.0,0.0,0.0,0.0,0.0,0.0,0.0,0.0,0.0
19.083334,10.0,0.0,0.0,0.0,0.0,0.0,0.0,0.0,0.0
19.083334,11.0,0.0,0.0,0.0,0.0,0.0,0.0,0.0,0.0
19.083334,12.0,0.0,0.0,0.0,0.0,0.0,0.0,0.0,0.0
19.083334,13.0,0.0,0.0,0.0,0.0,0.0,0.0,0.0,0.0
19.083334,14.0,0.0,0.0,0.0,0.0,0.0,0.0,0.0,0.0
19.083334,15.0,0.0,0.0,0.0,0.0,0.0,0.0,0.0,0.0
19.083334,16.0,0.0,0.0,0.0,0.0,0.0,0.0,0.0,0.0
19.083334,17.0,0.0,0.0,0.0,0.0,0.0,0.0,0.0,0.0
19.083334,18.0,0.0,0.0,0.0,0.0,0.0,0.0,0.0,0.0
19.083334,19.0,0.0,0.0,0.0,0.0,0.0,0.0,0.0,0.0
19.083334,20.0,0.0,0.0,0.0,0.0,0.0,0.0,0.0,0.0
19.083334,21.0,0.0,0.0,0.0,0.0,0.0,0.0,0.0,0.0
19.083334,22.0,0.0,0.0,0.0,0.0,0.0,0.0,0.0,0.0
19.083334,23.0,0.0,0.0,0.0,0.0,0.0,0.0,0.0,0.0
19.083334,24.0,0.0,0.0,0.0,0.0,0.0,0.0,0.0,0.0
19.083334,25.0,0.0,0.0,0.0,0.0,0.0,0.0,0.0,0.0
19.166666,0.0,0.0,0.0,0.0,0.0,0.0,0.0,0.0,0.0
19.166666,1.0,0.0,0.0,0.0,0.0,0.0,0.0,0.0,0.0
19.166666,2.0,0.0,0.0,0.0,0.0,0.0,0.0,0.0,0.0
19.166666,3.0,0.0,0.0,0.0,0.0,0.0,0.0,0.0,0.0
19.166666,4.0,0.0,0.0,0.0,0.0,0.0,0.0,0.0,0.0
19.166666,5.0,0.0,0.0,0.0,0.0,0.0,0.0,0.0,0.0
19.166666,6.0,0.0,0.0,0.0,0.0,0.0,0.0,0.0,0.0
19.166666,7.0,0.0,0.0,0.0,0.0,0.0,0.0,0.0,0.0
19.166666,8.0,0.0,0.0,0.0,0.0,0.0,0.0,0.0,0.0
19.166666,9.0,0.0,0.0,0.0,0.0,0.0,0.0,0.0,0.0
19.166666,10.0,0.0,0.0,0.0,0.0,0.0,0.0,0.0,0.0
19.166666,11.0,0.0,0.0,0.0,0.0,0.0,0.0,0.0,0.0
19.166666,12.0,0.0,0.0,0.0,0.0,0.0,0.0,0.0,0.0
19.166666,13.0,0.0,0.0,0.0,0.0,0.0,0.0,0.0,0.0
19.166666,14.0,0.0,0.0,0.0,0.0,0.0,0.0,0.0,0.0
19.166666,15.0,0.0,0.0,0.0,0.0,0.0,0.0,0.0,0.0
19.166666,16.0,0.0,0.0,0.0,0.0,0.0,0.0,0.0,0.0
19.166666,17.0,0.0,0.0,0.0,0.0,0.0,0.0,0.0,0.0
19.166666,18.0,0.0,0.0,0.0,0.0,0.0,0.0,0.0,0.0
19.166666,19.0,0.0,0.0,0.0,0.0,0.0,0.0,0.0,0.0
19.166666,20.0,0.0,0.0,0.0,0.0,0.0,0.0,0.0,0.0
19.166666,21.0,0.0,0.0,0.0,0.0,0.0,0.0,0.0,0.0
19.166666,22.0,0.0,0.0,0.0,0.0,0.0,0.0,0.0,0.0
19.166666,23.0,0.0,0.0,0.0,0.0,0.0,0.0,0.0,0.0
19.166666,24.0,0.0,0.0,0.0,0.0,0.0,0.0,0.0,0.0
19.166666,25.0,0.0,0.0,0.0,0.0,0.0,0.0,0.0,0.0
19.25,0.0,0.0,0.0,0.0,0.0,0.0,0.0,0.0,0.0
19.25,1.0,0.0,0.0,0.0,0.0,0.0,0.0,0.0,0.0
19.25,2.0,0.0,0.0,0.0,0.0,0.0,0.0,0.0,0.0
19.25,3.0,0.0,0.0,0.0,0.0,0.0,0.0,0.0,0.0
19.25,4.0,0.0,0.0,0.0,0.0,0.0,0.0,0.0,0.0
19.25,5.0,0.0,0.0,0.0,0.0,0.0,0.0,0.0,0.0
19.25,6.0,0.0,0.0,0.0,0.0,0.0,0.0,0.0,0.0
19.25,7.0,0.0,0.0,0.0,0.0,0.0,0.0,0.0,0.0
19.25,8.0,0.0,0.0,0.0,0.0,0.0,0.0,0.0,0.0
19.25,9.0,0.0,0.0,0.0,0.0,0.0,0.0,0.0,0.0
19.25,10.0,0.0,0.0,0.0,0.0,0.0,0.0,0.0,0.0
19.25,11.0,0.0,0.0,0.0,0.0,0.0,0.0,0.0,0.0
19.25,12.0,0.0,0.0,0.0,0.0,0.0,0.0,0.0,0.0
19.25,13.0,0.0,0.0,0.0,0.0,0.0,0.0,0.0,0.0
19.25,14.0,0.0,0.0,0.0,0.0,0.0,0.0,0.0,0.0
19.25,15.0,0.0,0.0,0.0,0.0,0.0,0.0,0.0,0.0
19.25,16.0,0.0,0.0,0.0,0.0,0.0,0.0,0.0,0.0
19.25,17.0,0.0,0.0,0.0,0.0,0.0,0.0,0.0,0.0
19.25,18.0,0.0,0.0,0.0,0.0,0.0,0.0,0.0,0.0
19.25,19.0,0.0,0.0,0.0,0.0,0.0,0.0,0.0,0.0
19.25,20.0,0.0,0.0,0.0,0.0,0.0,0.0,0.0,0.0
19.25,21.0,0.0,0.0,0.0,0.0,0.0,0.0,0.0,0.0
19.25,22.0,0.0,0.0,0.0,0.0,0.0,0.0,0.0,0.0
19.25,23.0,0.0,0.0,0.0,0.0,0.0,0.0,0.0,0.0
19.25,24.0,0.0,0.0,0.0,0.0,0.0,0.0,0.0,0.0
19.25,25.0,0.0,0.0,0.0,0.0,0.0,0.0,0.0,0.0
19.333334,0.0,0.0,0.0,0.0,0.0,0.0,0.0,0.0,0.0
19.333334,1.0,0.0,0.0,0.0,0.0,0.0,0.0,0.0,0.0
19.333334,2.0,0.0,0.0,0.0,0.0,0.0,0.0,0.0,0.0
19.333334,3.0,0.0,0.0,0.0,0.0,0.0,0.0,0.0,0.0
19.333334,4.0,0.0,0.0,0.0,0.0,0.0,0.0,0.0,0.0
19.333334,5.0,0.0,0.0,0.0,0.0,0.0,0.0,0.0,0.0
19.333334,6.0,0.0,0.0,0.0,0.0,0.0,0.0,0.0,0.0
19.333334,7.0,0.0,0.0,0.0,0.0,0.0,0.0,0.0,0.0
19.333334,8.0,0.0,0.0,0.0,0.0,0.0,0.0,0.0,0.0
19.333334,9.0,0.0,0.0,0.0,0.0,0.0,0.0,0.0,0.0
19.333334,10.0,0.0,0.0,0.0,0.0,0.0,0.0,0.0,0.0
19.333334,11.0,0.0,0.0,0.0,0.0,0.0,0.0,0.0,0.0
19.333334,12.0,0.0,0.0,0.0,0.0,0.0,0.0,0.0,0.0
19.333334,13.0,0.0,0.0,0.0,0.0,0.0,0.0,0.0,0.0
19.333334,14.0,0.0,0.0,0.0,0.0,0.0,0.0,0.0,0.0
19.333334,15.0,0.0,0.0,0.0,0.0,0.0,0.0,0.0,0.0
19.333334,16.0,0.0,0.0,0.0,0.0,0.0,0.0,0.0,0.0
19.333334,17.0,0.0,0.0,0.0,0.0,0.0,0.0,0.0,0.0
19.333334,18.0,0.0,0.0,0.0,0.0,0.0,0.0,0.0,0.0
19.333334,19.0,0.0,0.0,0.0,0.0,0.0,0.0,0.0,0.0
19.333334,20.0,0.0,0.0,0.0,0.0,0.0,0.0,0.0,0.0
19.333334,21.0,0.0,0.0,0.0,0.0,0.0,0.0,0.0,0.0
19.333334,22.0,0.0,0.0,0.0,0.0,0.0,0.0,0.0,0.0
19.333334,23.0,0.0,0.0,0.0,0.0,0.0,0.0,0.0,0.0
19.333334,24.0,0.0,0.0,0.0,0.0,0.0,0.0,0.0,0.0
19.333334,25.0,0.0,0.0,0.0,0.0,0.0,0.0,0.0,0.0
19.416666,0.0,0.0,0.0,0.0,0.0,0.0,0.0,0.0,0.0
19.416666,1.0,0.0,0.0,0.0,0.0,0.0,0.0,0.0,0.0
19.416666,2.0,0.0,0.0,0.0,0.0,0.0,0.0,0.0,0.0
19.416666,3.0,0.0,0.0,0.0,0.0,0.0,0.0,0.0,0.0
19.416666,4.0,0.0,0.0,0.0,0.0,0.0,0.0,0.0,0.0
19.416666,5.0,0.0,0.0,0.0,0.0,0.0,0.0,0.0,0.0
19.416666,6.0,0.0,0.0,0.0,0.0,0.0,0.0,0.0,0.0
19.416666,7.0,0.0,0.0,0.0,0.0,0.0,0.0,0.0,0.0
19.416666,8.0,0.0,0.0,0.0,0.0,0.0,0.0,0.0,0.0
19.416666,9.0,0.0,0.0,0.0,0.0,0.0,0.0,0.0,0.0
19.416666,10.0,0.0,0.0,0.0,0.0,0.0,0.0,0.0,0.0
19.416666,11.0,0.0,0.0,0.0,0.0,0.0,0.0,0.0,0.0
19.416666,12.0,0.0,0.0,0.0,0.0,0.0,0.0,0.0,0.0
19.416666,13.0,0.0,0.0,0.0,0.0,0.0,0.0,0.0,0.0
19.416666,14.0,0.0,0.0,0.0,0.0,0.0,0.0,0.0,0.0
19.416666,15.0,0.0,0.0,0.0,0.0,0.0,0.0,0.0,0.0
19.416666,16.0,0.0,0.0,0.0,0.0,0.0,0.0,0.0,0.0
19.416666,17.0,0.0,0.0,0.0,0.0,0.0,0.0,0.0,0.0
19.416666,18.0,0.0,0.0,0.0,0.0,0.0,0.0,0.0,0.0
19.416666,19.0,0.0,0.0,0.0,0.0,0.0,0.0,0.0,0.0
19.416666,20.0,0.0,0.0,0.0,0.0,0.0,0.0,0.0,0.0
19.416666,21.0,0.0,0.0,0.0,0.0,0.0,0.0,0.0,0.0
19.416666,22.0,0.0,0.0,0.0,0.0,0.0,0.0,0.0,0.0
19.416666,23.0,0.0,0.0,0.0,0.0,0.0,0.0,0.0,0.0
19.416666,24.0,0.0,0.0,0.0,0.0,0.0,0.0,0.0,0.0
19.416666,25.0,0.0,0.0,0.0,0.0,0.0,0.0,0.0,0.0
19.5,0.0,0.0,0.0,0.0,0.0,0.0,0.0,0.0,0.0
19.5,1.0,0.0,0.0,0.0,0.0,0.0,0.0,0.0,0.0
19.5,2.0,0.0,0.0,0.0,0.0,0.0,0.0,0.0,0.0
19.5,3.0,0.0,0.0,0.0,0.0,0.0,0.0,0.0,0.0
19.5,4.0,0.0,0.0,0.0,0.0,0.0,0.0,0.0,0.0
19.5,5.0,0.0,0.0,0.0,0.0,0.0,0.0,0.0,0.0
19.5,6.0,0.0,0.0,0.0,0.0,0.0,0.0,0.0,0.0
19.5,7.0,0.0,0.0,0.0,0.0,0.0,0.0,0.0,0.0
19.5,8.0,0.0,0.0,0.0,0.0,0.0,0.0,0.0,0.0
19.5,9.0,0.0,0.0,0.0,0.0,0.0,0.0,0.0,0.0
19.5,10.0,0.0,0.0,0.0,0.0,0.0,0.0,0.0,0.0
19.5,11.0,0.0,0.0,0.0,0.0,0.0,0.0,0.0,0.0
19.5,12.0,0.0,0.0,0.0,0.0,0.0,0.0,0.0,0.0
19.5,13.0,0.0,0.0,0.0,0.0,0.0,0.0,0.0,0.0
19.5,14.0,0.0,0.0,0.0,0.0,0.0,0.0,0.0,0.0
19.5,15.0,0.0,0.0,0.0,0.0,0.0,0.0,0.0,0.0
19.5,16.0,0.0,0.0,0.0,0.0,0.0,0.0,0.0,0.0
19.5,17.0,0.0,0.0,0.0,0.0,0.0,0.0,0.0,0.0
19.5,18.0,0.0,0.0,0.0,0.0,0.0,0.0,0.0,0.0
19.5,19.0,0.0,0.0,0.0,0.0,0.0,0.0,0.0,0.0
19.5,20.0,0.0,0.0,0.0,0.0,0.0,0.0,0.0,0.0
19.5,21.0,0.0,0.0,0.0,0.0,0.0,0.0,0.0,0.0
19.5,22.0,0.0,0.0,0.0,0.0,0.0,0.0,0.0,0.0
19.5,23.0,0.0,0.0,0.0,0.0,0.0,0.0,0.0,0.0
19.5,24.0,0.0,0.0,0.0,0.0,0.0,0.0,0.0,0.0
19.5,25.0,0.0,0.0,0.0,0.0,0.0,0.0,0.0,0.0
19.583334,0.0,0.0,0.0,0.0,0.0,0.0,0.0,0.0,0.0
19.583334,1.0,0.0,0.0,0.0,0.0,0.0,0.0,0.0,0.0
19.583334,2.0,0.0,0.0,0.0,0.0,0.0,0.0,0.0,0.0
19.583334,3.0,0.0,0.0,0.0,0.0,0.0,0.0,0.0,0.0
19.583334,4.0,0.0,0.0,0.0,0.0,0.0,0.0,0.0,0.0
19.583334,5.0,0.0,0.0,0.0,0.0,0.0,0.0,0.0,0.0
19.583334,6.0,0.0,0.0,0.0,0.0,0.0,0.0,0.0,0.0
19.583334,7.0,0.0,0.0,0.0,0.0,0.0,0.0,0.0,0.0
19.583334,8.0,0.0,0.0,0.0,0.0,0.0,0.0,0.0,0.0
19.583334,9.0,0.0,0.0,0.0,0.0,0.0,0.0,0.0,0.0
19.583334,10.0,0.0,0.0,0.0,0.0,0.0,0.0,0.0,0.0
19.583334,11.0,0.0,0.0,0.0,0.0,0.0,0.0,0.0,0.0
19.583334,12.0,0.0,0.0,0.0,0.0,0.0,0.0,0.0,0.0
19.583334,13.0,0.0,0.0,0.0,0.0,0.0,0.0,0.0,0.0
19.583334,14.0,0.0,0.0,0.0,0.0,0.0,0.0,0.0,0.0
19.583334,15.0,0.0,0.0,0.0,0.0,0.0,0.0,0.0,0.0
19.583334,16.0,0.0,0.0,0.0,0.0,0.0,0.0,0.0,0.0
19.583334,17.0,0.0,0.0,0.0,0.0,0.0,0.0,0.0,0.0
19.583334,18.0,0.0,0.0,0.0,0.0,0.0,0.0,0.0,0.0
19.583334,19.0,0.0,0.0,0.0,0.0,0.0,0.0,0.0,0.0
19.583334,20.0,0.0,0.0,0.0,0.0,0.0,0.0,0.0,0.0
19.583334,21.0,0.0,0.0,0.0,0.0,0.0,0.0,0.0,0.0
19.583334,22.0,0.0,0.0,0.0,0.0,0.0,0.0,0.0,0.0
19.583334,23.0,0.0,0.0,0.0,0.0,0.0,0.0,0.0,0.0
19.583334,24.0,0.0,0.0,0.0,0.0,0.0,0.0,0.0,0.0
19.583334,25.0,0.0,0.0,0.0,0.0,0.0,0.0,0.0,0.0
19.666666,0.0,0.0,0.0,0.0,0.0,0.0,0.0,0.0,0.0
19.666666,1.0,0.0,0.0,0.0,0.0,0.0,0.0,0.0,0.0
19.666666,2.0,0.0,0.0,0.0,0.0,0.0,0.0,0.0,0.0
19.666666,3.0,0.0,0.0,0.0,0.0,0.0,0.0,0.0,0.0
19.666666,4.0,0.0,0.0,0.0,0.0,0.0,0.0,0.0,0.0
19.666666,5.0,0.0,0.0,0.0,0.0,0.0,0.0,0.0,0.0
19.666666,6.0,0.0,0.0,0.0,0.0,0.0,0.0,0.0,0.0
19.666666,7.0,0.0,0.0,0.0,0.0,0.0,0.0,0.0,0.0
19.666666,8.0,0.0,0.0,0.0,0.0,0.0,0.0,0.0,0.0
19.666666,9.0,0.0,0.0,0.0,0.0,0.0,0.0,0.0,0.0
19.666666,10.0,0.0,0.0,0.0,0.0,0.0,0.0,0.0,0.0
19.666666,11.0,0.0,0.0,0.0,0.0,0.0,0.0,0.0,0.0
19.666666,12.0,0.0,0.0,0.0,0.0,0.0,0.0,0.0,0.0
19.666666,13.0,0.0,0.0,0.0,0.0,0.0,0.0,0.0,0.0
19.666666,14.0,0.0,0.0,0.0,0.0,0.0,0.0,0.0,0.0
19.666666,15.0,0.0,0.0,0.0,0.0,0.0,0.0,0.0,0.0
19.666666,16.0,0.0,0.0,0.0,0.0,0.0,0.0,0.0,0.0
19.666666,17.0,0.0,0.0,0.0,0.0,0.0,0.0,0.0,0.0
19.666666,18.0,0.0,0.0,0.0,0.0,0.0,0.0,0.0,0.0
19.666666,19.0,0.0,0.0,0.0,0.0,0.0,0.0,0.0,0.0
19.666666,20.0,0.0,0.0,0.0,0.0,0.0,0.0,0.0,0.0
19.666666,21.0,0.0,0.0,0.0,0.0,0.0,0.0,0.0,0.0
19.666666,22.0,0.0,0.0,0.0,0.0,0.0,0.0,0.0,0.0
19.666666,23.0,0.0,0.0,0.0,0.0,0.0,0.0,0.0,0.0
19.666666,24.0,0.0,0.0,0.0,0.0,0.0,0.0,0.0,0.0
19.666666,25.0,0.0,0.0,0.0,0.0,0.0,0.0,0.0,0.0
19.75,0.0,0.0,0.0,0.0,0.0,0.0,0.0,0.0,0.0
19.75,1.0,0.0,0.0,0.0,0.0,0.0,0.0,0.0,0.0
19.75,2.0,0.0,0.0,0.0,0.0,0.0,0.0,0.0,0.0
19.75,3.0,0.0,0.0,0.0,0.0,0.0,0.0,0.0,0.0
19.75,4.0,0.0,0.0,0.0,0.0,0.0,0.0,0.0,0.0
19.75,5.0,0.0,0.0,0.0,0.0,0.0,0.0,0.0,0.0
19.75,6.0,0.0,0.0,0.0,0.0,0.0,0.0,0.0,0.0
19.75,7.0,0.0,0.0,0.0,0.0,0.0,0.0,0.0,0.0
19.75,8.0,0.0,0.0,0.0,0.0,0.0,0.0,0.0,0.0
19.75,9.0,0.0,0.0,0.0,0.0,0.0,0.0,0.0,0.0
19.75,10.0,0.0,0.0,0.0,0.0,0.0,0.0,0.0,0.0
19.75,11.0,0.0,0.0,0.0,0.0,0.0,0.0,0.0,0.0
19.75,12.0,0.0,0.0,0.0,0.0,0.0,0.0,0.0,0.0
19.75,13.0,0.0,0.0,0.0,0.0,0.0,0.0,0.0,0.0
19.75,14.0,0.0,0.0,0.0,0.0,0.0,0.0,0.0,0.0
19.75,15.0,0.0,0.0,0.0,0.0,0.0,0.0,0.0,0.0
19.75,16.0,0.0,0.0,0.0,0.0,0.0,0.0,0.0,0.0
19.75,17.0,0.0,0.0,0.0,0.0,0.0,0.0,0.0,0.0
19.75,18.0,0.0,0.0,0.0,0.0,0.0,0.0,0.0,0.0
19.75,19.0,0.0,0.0,0.0,0.0,0.0,0.0,0.0,0.0
19.75,20.0,0.0,0.0,0.0,0.0,0.0,0.0,0.0,0.0
19.75,21.0,0.0,0.0,0.0,0.0,0.0,0.0,0.0,0.0
19.75,22.0,0.0,0.0,0.0,0.0,0.0,0.0,0.0,0.0
19.75,23.0,0.0,0.0,0.0,0.0,0.0,0.0,0.0,0.0
19.75,24.0,0.0,0.0,0.0,0.0,0.0,0.0,0.0,0.0
19.75,25.0,0.0,0.0,0.0,0.0,0.0,0.0,0.0,0.0
19.833334,0.0,0.0,0.0,0.0,0.0,0.0,0.0,0.0,0.0
19.833334,1.0,0.0,0.0,0.0,0.0,0.0,0.0,0.0,0.0
19.833334,2.0,0.0,0.0,0.0,0.0,0.0,0.0,0.0,0.0
19.833334,3.0,0.0,0.0,0.0,0.0,0.0,0.0,0.0,0.0
19.833334,4.0,0.0,0.0,0.0,0.0,0.0,0.0,0.0,0.0
19.833334,5.0,0.0,0.0,0.0,0.0,0.0,0.0,0.0,0.0
19.833334,6.0,0.0,0.0,0.0,0.0,0.0,0.0,0.0,0.0
19.833334,7.0,0.0,0.0,0.0,0.0,0.0,0.0,0.0,0.0
19.833334,8.0,0.0,0.0,0.0,0.0,0.0,0.0,0.0,0.0
19.833334,9.0,0.0,0.0,0.0,0.0,0.0,0.0,0.0,0.0
19.833334,10.0,0.0,0.0,0.0,0.0,0.0,0.0,0.0,0.0
19.833334,11.0,0.0,0.0,0.0,0.0,0.0,0.0,0.0,0.0
19.833334,12.0,0.0,0.0,0.0,0.0,0.0,0.0,0.0,0.0
19.833334,13.0,0.0,0.0,0.0,0.0,0.0,0.0,0.0,0.0
19.833334,14.0,0.0,0.0,0.0,0.0,0.0,0.0,0.0,0.0
19.833334,15.0,0.0,0.0,0.0,0.0,0.0,0.0,0.0,0.0
19.833334,16.0,0.0,0.0,0.0,0.0,0.0,0.0,0.0,0.0
19.833334,17.0,0.0,0.0,0.0,0.0,0.0,0.0,0.0,0.0
19.833334,18.0,0.0,0.0,0.0,0.0,0.0,0.0,0.0,0.0
19.833334,19.0,0.0,0.0,0.0,0.0,0.0,0.0,0.0,0.0
19.833334,20.0,0.0,0.0,0.0,0.0,0.0,0.0,0.0,0.0
19.833334,21.0,0.0,0.0,0.0,0.0,0.0,0.0,0.0,0.0
19.833334,22.0,0.0,0.0,0.0,0.0,0.0,0.0,0.0,0.0
19.833334,23.0,0.0,0.0,0.0,0.0,0.0,0.0,0.0,0.0
19.833334,24.0,0.0,0.0,0.0,0.0,0.0,0.0,0.0,0.0
19.833334,25.0,0.0,0.0,0.0,0.0,0.0,0.0,0.0,0.0
19.916666,0.0,0.0,0.0,0.0,0.0,0.0,0.0,0.0,0.0
19.916666,1.0,0.0,0.0,0.0,0.0,0.0,0.0,0.0,0.0
19.916666,2.0,0.0,0.0,0.0,0.0,0.0,0.0,0.0,0.0
19.916666,3.0,0.0,0.0,0.0,0.0,0.0,0.0,0.0,0.0
19.916666,4.0,0.0,0.0,0.0,0.0,0.0,0.0,0.0,0.0
19.916666,5.0,0.0,0.0,0.0,0.0,0.0,0.0,0.0,0.0
19.916666,6.0,0.0,0.0,0.0,0.0,0.0,0.0,0.0,0.0
19.916666,7.0,0.0,0.0,0.0,0.0,0.0,0.0,0.0,0.0
19.916666,8.0,0.0,0.0,0.0,0.0,0.0,0.0,0.0,0.0
19.916666,9.0,0.0,0.0,0.0,0.0,0.0,0.0,0.0,0.0
19.916666,10.0,0.0,0.0,0.0,0.0,0.0,0.0,0.0,0.0
19.916666,11.0,0.0,0.0,0.0,0.0,0.0,0.0,0.0,0.0
19.916666,12.0,0.0,0.0,0.0,0.0,0.0,0.0,0.0,0.0
19.916666,13.0,0.0,0.0,0.0,0.0,0.0,0.0,0.0,0.0
19.916666,14.0,0.0,0.0,0.0,0.0,0.0,0.0,0.0,0.0
19.916666,15.0,0.0,0.0,0.0,0.0,0.0,0.0,0.0,0.0
19.916666,16.0,0.0,0.0,0.0,0.0,0.0,0.0,0.0,0.0
19.916666,17.0,0.0,0.0,0.0,0.0,0.0,0.0,0.0,0.0
19.916666,18.0,0.0,0.0,0.0,0.0,0.0,0.0,0.0,0.0
19.916666,19.0,0.0,0.0,0.0,0.0,0.0,0.0,0.0,0.0
19.916666,20.0,0.0,0.0,0.0,0.0,0.0,0.0,0.0,0.0
19.916666,21.0,0.0,0.0,0.0,0.0,0.0,0.0,0.0,0.0
19.916666,22.0,0.0,0.0,0.0,0.0,0.0,0.0,0.0,0.0
19.916666,23.0,0.0,0.0,0.0,0.0,0.0,0.0,0.0,0.0
19.916666,24.0,0.0,0.0,0.0,0.0,0.0,0.0,0.0,0.0
19.916666,25.0,0.0,0.0,0.0,0.0,0.0,0.0,0.0,0.0
20.0,0.0,0.0,0.0,0.0,0.0,0.0,0.0,0.0,0.0
20.0,1.0,0.0,0.0,0.0,0.0,0.0,0.0,0.0,0.0
20.0,2.0,0.0,0.0,0.0,0.0,0.0,0.0,0.0,0.0
20.0,3.0,0.0,0.0,0.0,0.0,0.0,0.0,0.0,0.0
20.0,4.0,0.0,0.0,0.0,0.0,0.0,0.0,0.0,0.0
20.0,5.0,0.0,0.0,0.0,0.0,0.0,0.0,0.0,0.0
20.0,6.0,0.0,0.0,0.0,0.0,0.0,0.0,0.0,0.0
20.0,7.0,0.0,0.0,0.0,0.0,0.0,0.0,0.0,0.0
20.0,8.0,0.0,0.0,0.0,0.0,0.0,0.0,0.0,0.0
20.0,9.0,0.0,0.0,0.0,0.0,0.0,0.0,0.0,0.0
20.0,10.0,0.0,0.0,0.0,0.0,0.0,0.0,0.0,0.0
20.0,11.0,0.0,0.0,0.0,0.0,0.0,0.0,0.0,0.0
20.0,12.0,0.0,0.0,0.0,0.0,0.0,0.0,0.0,0.0
20.0,13.0,0.0,0.0,0.0,0.0,0.0,0.0,0.0,0.0
20.0,14.0,0.0,0.0,0.0,0.0,0.0,0.0,0.0,0.0
20.0,15.0,0.0,0.0,0.0,0.0,0.0,0.0,0.0,0.0
20.0,16.0,0.0,0.0,0.0,0.0,0.0,0.0,0.0,0.0
20.0,17.0,0.0,0.0,0.0,0.0,0.0,0.0,0.0,0.0
20.0,18.0,0.0,0.0,0.0,0.0,0.0,0.0,0.0,0.0
20.0,19.0,0.0,0.0,0.0,0.0,0.0,0.0,0.0,0.0
20.0,20.0,0.0,0.0,0.0,0.0,0.0,0.0,0.0,0.0
20.0,21.0,0.0,0.0,0.0,0.0,0.0,0.0,0.0,0.0
20.0,22.0,0.0,0.0,0.0,0.0,0.0,0.0,0.0,0.0
20.0,23.0,0.0,0.0,0.0,0.0,0.0,0.0,0.0,0.0
20.0,24.0,0.0,0.0,0.0,0.0,0.0,0.0,0.0,0.0
20.0,25.0,0.0,0.0,0.0,0.0,0.0,0.0,0.0,0.0
